nan = None;  NAN = None
nan = 0
reports = []
class ValErr:
    def __init__(self, value, error, antisym):
        self.value, self.error, self.antisym = value, error, antisym

    def __repr__(self):
        if self.antisym == 0.:
            return "%g +- %g" % (self.value, self.error)
        else:
            return "%g +- %g ~ %g" % (self.value, self.error, self.antisym)

class Report:
    def __init__(self, chamberId, postal_address, name):
        self.chamberId, self.postal_address, self.name = chamberId, postal_address, name
        self.status = "NOFIT"
        self.fittype = None
        self.CovMatrix = None

    def add_parameters(self, deltax, deltay, deltaz, deltaphix, deltaphiy, deltaphiz, loglikelihood, numsegments, sumofweights, redchi2):
        self.status = "PASS"
        self.deltax, self.deltay, self.deltaz, self.deltaphix, self.deltaphiy, self.deltaphiz = deltax, deltay, deltaz, deltaphix, deltaphiy, deltaphiz
        self.loglikelihood, self.numsegments, self.sumofweights, self.redchi2 = loglikelihood, numsegments, sumofweights, redchi2

    def add_stats(self, median_x, median_y, median_dxdz, median_dydz, mean30_x, mean30_y, mean20_dxdz, mean50_dydz, mean15_x, mean15_y, mean10_dxdz, mean25_dydz, wmean30_x, wmean30_y, wmean20_dxdz, wmean50_dydz, wmean15_x, wmean15_y, wmean10_dxdz, wmean25_dydz, stdev30_x, stdev30_y, stdev20_dxdz, stdev50_dydz, stdev15_x, stdev15_y, stdev10_dxdz, stdev25_dydz):
        self.median_x, self.median_y, self.median_dxdz, self.median_dydz, self.mean30_x, self.mean30_y, self.mean20_dxdz, self.mean50_dydz, self.mean15_x, self.mean15_y, self.mean10_dxdz, self.mean25_dydz, self.wmean30_x, self.wmean30_y, self.wmean20_dxdz, self.wmean50_dydz, self.wmean15_x, self.wmean15_y, self.wmean10_dxdz, self.wmean25_dydz, self.stdev30_x, self.stdev30_y, self.stdev20_dxdz, self.stdev50_dydz, self.stdev15_x, self.stdev15_y, self.stdev10_dxdz, self.stdev25_dydz = median_x, median_y, median_dxdz, median_dydz, mean30_x, mean30_y, mean20_dxdz, mean50_dydz, mean15_x, mean15_y, mean10_dxdz, mean25_dydz, wmean30_x, wmean30_y, wmean20_dxdz, wmean50_dydz, wmean15_x, wmean15_y, wmean10_dxdz, wmean25_dydz, stdev30_x, stdev30_y, stdev20_dxdz, stdev50_dydz, stdev15_x, stdev15_y, stdev10_dxdz, stdev25_dydz

    def __repr__(self):
        return "<Report %s %s %s>" % (self.postal_address[0], " ".join(map(str, self.postal_address[1:])), self.status)

reports.append(Report(574914560, ("DT", -2, 1, 1), "MBwhAst1sec01"))
reports[-1].posNum = 340
reports[-1].negNum = 0
reports[-1].fittype = "6DOF"
reports[-1].add_parameters(ValErr(-0.0832085, 0.0380562, 0), \
                           ValErr(-0.38388, 0.320901, 0), \
                           ValErr(0.294114, 0.258841, 0), \
                           ValErr(0.000842667, 0.000760347, 0), \
                           ValErr(-0.00051823, 0.000465997, 0), \
                           ValErr(0.000750038, 0.000389994, 0), \
                           743.148, 340, 340, -nan)
reports[-1].sigmax = ValErr(0.567555, 0.0218025, 0)
reports[-1].sigmay = ValErr(1.04638, 0.0402407, 0)
reports[-1].sigmadxdz = ValErr(0.00268135, 0.00010285, 0)
reports[-1].sigmadydz = ValErr(0, 0, 0)
reports[-1].add_stats(-0.0924301, 0.0368939, 0.000314162, -0.000664285, -0.0489488, -0.0397393, 0.000323042, 0.000375518, -0.0489488, -0.0397393, 0.000323042, 0.000375518, -0.0595769, 0.0146132, 0.000397558, 0.00100728, -0.0595769, 0.0146132, 0.000397558, 0.00100728, 0.566866, 1.05628, 0.00268141, 0.0286628, 0.566866, 1.05628, 0.00268141, 0.0286628)
reports[-1].CovMatrix = ['0.00144827','0.00675186','-0.00554992','5.51132e-06','2.52243e-06','-1.6705e-06','-1.108e-05','2.36043e-05','-3.96449e-09','0','0','0','0.00675186','0.102977','-0.0817328','8.02174e-05','-7.32153e-06','1.27598e-05','-4.7409e-05','5.76315e-05','1.07802e-07','0','0','0','-0.00554992','-0.0817328','0.0669989','-6.20967e-05','4.80048e-06','-9.16984e-06','4.27993e-05','-5.61365e-05','-8.00274e-08','0','0','0','5.51132e-06','8.02174e-05','-6.20967e-05','5.78127e-07','8.34761e-09','4.13288e-08','2.55328e-08','-2.13064e-07','5.41256e-10','0','0','0','2.52243e-06','-7.32153e-06','4.80048e-06','8.34761e-09','2.17153e-07','-1.70843e-07','-5.56693e-07','1.378e-06','-8.90071e-10','0','0','0','-1.6705e-06','1.27598e-05','-9.16984e-06','4.13288e-08','-1.70843e-07','1.52095e-07','4.87267e-07','-1.14764e-06','6.48044e-10','0','0','0','-1.108e-05','-4.7409e-05','4.27993e-05','2.55328e-08','-5.56693e-07','4.87267e-07','0.000475363','-3.80891e-06','1.99779e-09','0','0','0','2.36043e-05','5.76315e-05','-5.61365e-05','-2.13064e-07','1.378e-06','-1.14764e-06','-3.80891e-06','0.00161941','-5.61114e-09','0','0','0','-3.96449e-09','1.07802e-07','-8.00274e-08','5.41256e-10','-8.90071e-10','6.48044e-10','1.99779e-09','-5.61114e-09','1.05783e-08','0','0','0','0','0','0','0','0','0','0','0','0','0','0','0','0','0','0','0','0','0','0','0','0','0','0','0','0','0','0','0','0','0','0','0','0','0','0','0']

reports.append(Report(575176704, ("DT", -2, 1, 2), "MBwhAst1sec02"))
reports[-1].posNum = 344
reports[-1].negNum = 0
reports[-1].fittype = "6DOF"
reports[-1].add_parameters(ValErr(-0.0105793, 0.0326544, 0), \
                           ValErr(-0.347609, 0.289471, 0), \
                           ValErr(0.24607, 0.232208, 0), \
                           ValErr(4.78512e-05, 0.000687476, 0), \
                           ValErr(-0.000443627, 0.000428167, 0), \
                           ValErr(0.000415952, 0.000351538, 0), \
                           843.757, 344, 344, -nan)
reports[-1].sigmax = ValErr(0.501106, 0.0191203, 0)
reports[-1].sigmay = ValErr(1.03223, 0.0393993, 0)
reports[-1].sigmadxdz = ValErr(0.00235695, 8.98815e-05, 0)
reports[-1].sigmadydz = ValErr(0, 0, 0)
reports[-1].add_stats(0.00980164, 0.0204177, 0.000160769, -0.000281779, 0.0135384, -0.0534459, 6.89873e-05, -0.000396737, 0.0135384, -0.0534459, 6.89873e-05, -0.000396737, -0.00794486, -0.105113, 0.000175445, 0.000741444, -0.00794486, -0.105113, 0.000175445, 0.000741444, 0.501441, 1.03575, 0.00235603, 0.0307852, 0.501441, 1.03575, 0.00235603, 0.0307852)
reports[-1].CovMatrix = ['0.00106631','0.00502022','-0.00412284','3.86233e-06','1.92084e-06','-1.30809e-06','1.93557e-07','6.67959e-06','-1.32803e-08','0','0','0','0.00502022','0.0837933','-0.0659505','6.18348e-05','-2.24721e-06','6.3518e-06','5.05171e-05','-4.2294e-05','-1.18556e-07','0','0','0','-0.00412284','-0.0659505','0.0539205','-4.91854e-05','1.79128e-07','-3.73567e-06','-3.78221e-05','2.81268e-05','9.89472e-08','0','0','0','3.86233e-06','6.18348e-05','-4.91854e-05','4.72623e-07','2.15518e-08','1.92235e-08','2.61516e-07','-4.96295e-08','-1.0285e-09','0','0','0','1.92084e-06','-2.24721e-06','1.79128e-07','2.15518e-08','1.83327e-07','-1.42329e-07','-2.68485e-07','8.18832e-07','-6.00261e-10','0','0','0','-1.30809e-06','6.3518e-06','-3.73567e-06','1.92235e-08','-1.42329e-07','1.23579e-07','2.5141e-07','-6.66225e-07','3.4712e-10','0','0','0','1.93557e-07','5.05171e-05','-3.78221e-05','2.61516e-07','-2.68485e-07','2.5141e-07','0.000365597','-1.33048e-06','1.91074e-10','0','0','0','6.67959e-06','-4.2294e-05','2.81268e-05','-4.96295e-08','8.18832e-07','-6.66225e-07','-1.33048e-06','0.00155239','-2.29828e-09','0','0','0','-1.32803e-08','-1.18556e-07','9.89472e-08','-1.0285e-09','-6.00261e-10','3.4712e-10','1.91074e-10','-2.29828e-09','8.07878e-09','0','0','0','0','0','0','0','0','0','0','0','0','0','0','0','0','0','0','0','0','0','0','0','0','0','0','0','0','0','0','0','0','0','0','0','0','0','0','0']

reports.append(Report(575438848, ("DT", -2, 1, 3), "MBwhAst1sec03"))
reports[-1].posNum = 326
reports[-1].negNum = 0
reports[-1].fittype = "6DOF"
reports[-1].add_parameters(ValErr(-0.0398886, 0.0372567, 0), \
                           ValErr(0.379313, 0.333851, 0), \
                           ValErr(-0.347838, 0.269019, 0), \
                           ValErr(-0.000755396, 0.000783638, 0), \
                           ValErr(0.00038372, 0.000466618, 0), \
                           ValErr(-8.8442e-05, 0.000387572, 0), \
                           731.223, 326, 326, -nan)
reports[-1].sigmax = ValErr(0.547619, 0.0214486, 0)
reports[-1].sigmay = ValErr(1.02607, 0.0398645, 0)
reports[-1].sigmadxdz = ValErr(0.0026761, 0.000104919, 0)
reports[-1].sigmadydz = ValErr(0, 0, 0)
reports[-1].add_stats(-0.0593119, -0.00841742, 0.000300071, 0.000157217, -0.0686731, -0.0364581, 0.000347698, 0.0028585, -0.0686731, -0.0364581, 0.000347698, 0.0028585, -0.0623454, -0.0874245, 0.000338492, 0.00143228, -0.0623454, -0.0874245, 0.000338492, 0.00143228, 0.548919, 1.0292, 0.00267962, 0.0298114, 0.548919, 1.0292, 0.00267962, 0.0298114)
reports[-1].CovMatrix = ['0.00138806','0.00688917','-0.00565552','5.94435e-06','2.15407e-06','-1.34583e-06','-7.13022e-06','1.12421e-05','1.41112e-08','0','0','0','0.00688917','0.111456','-0.0884792','9.25976e-05','-6.29087e-06','1.22795e-05','-0.000108868','6.74349e-05','2.69535e-07','0','0','0','-0.00565552','-0.0884792','0.0723714','-7.31945e-05','3.14235e-06','-8.21066e-06','8.90508e-05','-6.36722e-05','-2.12174e-07','0','0','0','5.94435e-06','9.25976e-05','-7.31945e-05','6.14089e-07','4.90881e-09','4.3565e-08','-1.15751e-07','-1.56578e-07','8.41834e-10','0','0','0','2.15407e-06','-6.29087e-06','3.14235e-06','4.90881e-09','2.17732e-07','-1.6983e-07','1.34917e-07','-3.28321e-07','2.87565e-10','0','0','0','-1.34583e-06','1.22795e-05','-8.21066e-06','4.3565e-08','-1.6983e-07','1.50212e-07','-1.24224e-07','2.67813e-07','-1.39477e-10','0','0','0','-7.13022e-06','-0.000108868','8.90508e-05','-1.15751e-07','1.34917e-07','-1.24224e-07','0.000460055','1.27691e-06','-1.05834e-10','0','0','0','1.12421e-05','6.74349e-05','-6.36722e-05','-1.56578e-07','-3.28321e-07','2.67813e-07','1.27691e-06','0.00158927','9.53159e-09','0','0','0','1.41112e-08','2.69535e-07','-2.12174e-07','8.41834e-10','2.87565e-10','-1.39477e-10','-1.05834e-10','9.53159e-09','1.10082e-08','0','0','0','0','0','0','0','0','0','0','0','0','0','0','0','0','0','0','0','0','0','0','0','0','0','0','0','0','0','0','0','0','0','0','0','0','0','0','0']

reports.append(Report(575700992, ("DT", -2, 1, 4), "MBwhAst1sec04"))
reports[-1].posNum = 293
reports[-1].negNum = 0
reports[-1].fittype = "6DOF"
reports[-1].add_parameters(ValErr(-0.0138581, 0.0378927, 0), \
                           ValErr(0.184281, 0.349747, 0), \
                           ValErr(-0.184163, 0.281068, 0), \
                           ValErr(-0.000484273, 0.000819626, 0), \
                           ValErr(0.000396087, 0.000494313, 0), \
                           ValErr(-0.000192072, 0.000408261, 0), \
                           656.991, 293, 293, -nan)
reports[-1].sigmax = ValErr(0.545058, 0.0225347, 0)
reports[-1].sigmay = ValErr(1.03475, 0.0428142, 0)
reports[-1].sigmadxdz = ValErr(0.0026682, 0.000110253, 0)
reports[-1].sigmadydz = ValErr(0, 0, 0)
reports[-1].add_stats(0.00270881, -0.0950408, 0.00022277, -0.00112698, -0.0295704, -0.0323965, 0.000190307, -0.000853041, -0.0295704, -0.0323965, 0.000190307, -0.000853041, -0.0430015, -0.0238966, 0.000194694, -0.000271696, -0.0430015, -0.0238966, 0.000194694, -0.000271696, 0.545443, 1.03681, 0.0026695, 0.0310783, 0.545443, 1.03681, 0.0026695, 0.0310783)
reports[-1].CovMatrix = ['0.00143586','0.00681433','-0.00559659','6.13081e-06','2.12282e-06','-1.32938e-06','2.04683e-06','-9.73851e-06','1.93471e-08','0','0','0','0.00681433','0.122323','-0.0967878','0.000103529','-9.73248e-06','1.52756e-05','-5.51416e-05','4.80191e-05','1.81482e-07','0','0','0','-0.00559659','-0.0967878','0.0789992','-8.24387e-05','4.49343e-06','-9.5253e-06','3.9732e-05','-2.4711e-05','-1.55188e-07','0','0','0','6.13081e-06','0.000103529','-8.24387e-05','6.71787e-07','6.13789e-09','4.25319e-08','1.52652e-07','-7.84699e-07','1.40242e-09','0','0','0','2.12282e-06','-9.73248e-06','4.49343e-06','6.13789e-09','2.44345e-07','-1.90075e-07','4.06762e-07','-1.10111e-06','8.53375e-10','0','0','0','-1.32938e-06','1.52756e-05','-9.5253e-06','4.25319e-08','-1.90075e-07','1.66677e-07','-3.38566e-07','8.35885e-07','-4.84388e-10','0','0','0','2.04683e-06','-5.51416e-05','3.9732e-05','1.52652e-07','4.06762e-07','-3.38566e-07','0.000507828','-2.13103e-06','1.54271e-09','0','0','0','-9.73851e-06','4.80191e-05','-2.4711e-05','-7.84699e-07','-1.10111e-06','8.35885e-07','-2.13103e-06','0.00183318','-5.22893e-09','0','0','0','1.93471e-08','1.81482e-07','-1.55188e-07','1.40242e-09','8.53375e-10','-4.84388e-10','1.54271e-09','-5.22893e-09','1.2156e-08','0','0','0','0','0','0','0','0','0','0','0','0','0','0','0','0','0','0','0','0','0','0','0','0','0','0','0','0','0','0','0','0','0','0','0','0','0','0','0']

reports.append(Report(575963136, ("DT", -2, 1, 5), "MBwhAst1sec05"))
reports[-1].posNum = 316
reports[-1].negNum = 0
reports[-1].fittype = "6DOF"
reports[-1].add_parameters(ValErr(-0.0882469, 0.0365734, 0), \
                           ValErr(-0.254158, 0.324347, 0), \
                           ValErr(0.243815, 0.261512, 0), \
                           ValErr(-0.000354308, 0.000754556, 0), \
                           ValErr(-0.000107501, 0.000460446, 0), \
                           ValErr(0.000288871, 0.000379799, 0), \
                           733.39, 316, 316, -nan)
reports[-1].sigmax = ValErr(0.536014, 0.0213233, 0)
reports[-1].sigmay = ValErr(0.994345, 0.039557, 0)
reports[-1].sigmadxdz = ValErr(0.0026099, 0.000103818, 0)
reports[-1].sigmadydz = ValErr(0, 0, 0)
reports[-1].add_stats(-0.0494482, 0.0987895, 0.000271662, -0.000765351, -0.0660645, 0.041656, 0.000268951, 0.000791562, -0.0660645, 0.041656, 0.000268951, 0.000791562, -0.0607037, 0.0335996, 0.000267257, 0.000559699, -0.0607037, 0.0335996, 0.000267257, 0.000559699, 0.536976, 0.994351, 0.00261125, 0.0279101, 0.536976, 0.994351, 0.00261125, 0.0279101)
reports[-1].CovMatrix = ['0.00133762','0.00633084','-0.00520792','5.49632e-06','2.50916e-06','-1.69993e-06','5.62412e-07','-1.99249e-06','6.48847e-09','0','0','0','0.00633084','0.105201','-0.0835285','8.95484e-05','-2.7812e-06','8.83584e-06','-2.27157e-05','3.30594e-05','5.66269e-08','0','0','0','-0.00520792','-0.0835285','0.0683883','-7.06499e-05','3.58034e-07','-5.45864e-06','1.67376e-05','-2.18889e-05','-4.6781e-08','0','0','0','5.49632e-06','8.95484e-05','-7.06499e-05','5.69355e-07','2.28581e-08','2.56649e-08','-1.5658e-07','1.76736e-07','4.11377e-10','0','0','0','2.50916e-06','-2.7812e-06','3.58034e-07','2.28581e-08','2.1201e-07','-1.64149e-07','1.04087e-07','-2.92354e-07','2.73185e-10','0','0','0','-1.69993e-06','8.83584e-06','-5.45864e-06','2.56649e-08','-1.64149e-07','1.44247e-07','-1.01787e-07','2.52419e-07','-1.589e-10','0','0','0','5.62412e-07','-2.27157e-05','1.67376e-05','-1.5658e-07','1.04087e-07','-1.01787e-07','0.000454695','-2.11614e-07','6.92761e-12','0','0','0','-1.99249e-06','3.30594e-05','-2.18889e-05','1.76736e-07','-2.92354e-07','2.52419e-07','-2.11614e-07','0.00156485','-2.19271e-10','0','0','0','6.48847e-09','5.66269e-08','-4.6781e-08','4.11377e-10','2.73185e-10','-1.589e-10','6.92761e-12','-2.19271e-10','1.07783e-08','0','0','0','0','0','0','0','0','0','0','0','0','0','0','0','0','0','0','0','0','0','0','0','0','0','0','0','0','0','0','0','0','0','0','0','0','0','0','0']

reports.append(Report(576225280, ("DT", -2, 1, 6), "MBwhAst1sec06"))
reports[-1].posNum = 320
reports[-1].negNum = 0
reports[-1].fittype = "6DOF"
reports[-1].add_parameters(ValErr(0.0515744, 0.0352549, 0), \
                           ValErr(0.388653, 0.318622, 0), \
                           ValErr(-0.375774, 0.256778, 0), \
                           ValErr(-0.000456917, 0.000770203, 0), \
                           ValErr(0.00156869, 0.000456091, 0), \
                           ValErr(-0.00126883, 0.00037885, 0), \
                           744.306, 320, 320, -nan)
reports[-1].sigmax = ValErr(0.529856, 0.0209473, 0)
reports[-1].sigmay = ValErr(0.985374, 0.0389623, 0)
reports[-1].sigmadxdz = ValErr(0.00265084, 0.00010481, 0)
reports[-1].sigmadydz = ValErr(0, 0, 0)
reports[-1].add_stats(-0.0312567, -0.0678591, 1.00657e-05, 4.70813e-05, 0.00500112, -0.0356938, 0.000102598, -0.0006805, 0.00500112, -0.0356938, 0.000102598, -0.0006805, 0.00932531, -0.0457238, 5.15983e-05, 0.000634684, 0.00932531, -0.0457238, 5.15983e-05, 0.000634684, 0.535444, 0.995456, 0.0026595, 0.0283421, 0.535444, 0.995456, 0.0026595, 0.0283421)
reports[-1].CovMatrix = ['0.00124291','0.00565852','-0.00466824','5.05291e-06','2.39344e-06','-1.66045e-06','5.19299e-06','-7.51026e-07','-1.99907e-08','0','0','0','0.00565852','0.10152','-0.0805429','8.63972e-05','-7.56746e-06','1.23415e-05','9.79926e-05','-0.00010036','-1.88382e-07','0','0','0','-0.00466824','-0.0805429','0.065935','-6.71652e-05','3.35669e-06','-7.534e-06','-7.8645e-05','8.07424e-05','1.5433e-07','0','0','0','5.05291e-06','8.63972e-05','-6.71652e-05','5.93213e-07','8.8431e-09','3.48664e-08','1.68087e-07','2.82052e-07','-1.48368e-09','0','0','0','2.39344e-06','-7.56746e-06','3.35669e-06','8.8431e-09','2.08019e-07','-1.62173e-07','-6.92271e-08','3.7658e-07','-6.58486e-10','0','0','0','-1.66045e-06','1.23415e-05','-7.534e-06','3.48664e-08','-1.62173e-07','1.43527e-07','7.06127e-08','-2.89479e-07','4.36201e-10','0','0','0','5.19299e-06','9.79926e-05','-7.8645e-05','1.68087e-07','-6.92271e-08','7.06127e-08','0.000438803','-1.5768e-07','-1.92578e-10','0','0','0','-7.51026e-07','-0.00010036','8.07424e-05','2.82052e-07','3.7658e-07','-2.89479e-07','-1.5768e-07','0.00151815','-1.87157e-09','0','0','0','-1.99907e-08','-1.88382e-07','1.5433e-07','-1.48368e-09','-6.58486e-10','4.36201e-10','-1.92578e-10','-1.87157e-09','1.09854e-08','0','0','0','0','0','0','0','0','0','0','0','0','0','0','0','0','0','0','0','0','0','0','0','0','0','0','0','0','0','0','0','0','0','0','0','0','0','0','0']

reports.append(Report(576487424, ("DT", -2, 1, 7), "MBwhAst1sec07"))
reports[-1].posNum = 379
reports[-1].negNum = 0
reports[-1].fittype = "6DOF"
reports[-1].add_parameters(ValErr(-0.0572333, 0.0326201, 0), \
                           ValErr(-0.194785, 0.277703, 0), \
                           ValErr(0.0956028, 0.223133, 0), \
                           ValErr(0.000381922, 0.000685334, 0), \
                           ValErr(0.000451011, 0.000426097, 0), \
                           ValErr(-5.67148e-05, 0.000350919, 0), \
                           881.503, 379, 379, -nan)
reports[-1].sigmax = ValErr(0.520136, 0.0188972, 0)
reports[-1].sigmay = ValErr(1.06094, 0.0385593, 0)
reports[-1].sigmadxdz = ValErr(0.00250844, 9.11283e-05, 0)
reports[-1].sigmadydz = ValErr(0, 0, 0)
reports[-1].add_stats(-0.0708788, -0.0488402, 0.000511664, -0.003465, -0.0523258, -0.0791487, 0.000339397, -0.00217272, -0.0523258, -0.0791487, 0.000339397, -0.00217272, -0.0382856, -0.0992168, 0.000277543, -0.00362564, -0.0382856, -0.0992168, 0.000277543, -0.00362564, 0.520131, 1.06281, 0.00250853, 0.0295347, 0.520131, 1.06281, 0.00250853, 0.0295347)
reports[-1].CovMatrix = ['0.00106407','0.00486773','-0.00400175','3.55237e-06','2.19939e-06','-1.57164e-06','2.86061e-06','-8.65036e-06','9.61574e-09','0','0','0','0.00486773','0.0771187','-0.0607487','5.42886e-05','-1.61159e-06','5.40016e-06','5.15517e-06','-1.25088e-05','2.49438e-08','0','0','0','-0.00400175','-0.0607487','0.0497881','-4.22198e-05','4.3982e-07','-3.51328e-06','-5.13384e-06','1.4284e-05','-2.2203e-08','0','0','0','3.55237e-06','5.42886e-05','-4.22198e-05','4.69682e-07','2.87335e-08','1.52175e-08','1.10442e-08','-1.40295e-07','3.71595e-10','0','0','0','2.19939e-06','-1.61159e-06','4.3982e-07','2.87335e-08','1.81559e-07','-1.4094e-07','1.58309e-07','-5.97039e-07','6.61501e-10','0','0','0','-1.57164e-06','5.40016e-06','-3.51328e-06','1.52175e-08','-1.4094e-07','1.23144e-07','-1.35526e-07','4.77113e-07','-4.71367e-10','0','0','0','2.86061e-06','5.15517e-06','-5.13384e-06','1.10442e-08','1.58309e-07','-1.35526e-07','0.000357113','-5.39424e-07','5.46615e-10','0','0','0','-8.65036e-06','-1.25088e-05','1.4284e-05','-1.40295e-07','-5.97039e-07','4.77113e-07','-5.39424e-07','0.0014869','-2.1682e-09','0','0','0','9.61574e-09','2.49438e-08','-2.2203e-08','3.71595e-10','6.61501e-10','-4.71367e-10','5.46615e-10','-2.1682e-09','8.30446e-09','0','0','0','0','0','0','0','0','0','0','0','0','0','0','0','0','0','0','0','0','0','0','0','0','0','0','0','0','0','0','0','0','0','0','0','0','0','0','0']

reports.append(Report(576749568, ("DT", -2, 1, 8), "MBwhAst1sec08"))
reports[-1].posNum = 323
reports[-1].negNum = 0
reports[-1].fittype = "6DOF"
reports[-1].add_parameters(ValErr(-0.0708979, 0.0381878, 0), \
                           ValErr(-0.507843, 0.327265, 0), \
                           ValErr(0.470417, 0.264614, 0), \
                           ValErr(0.00026312, 0.000735575, 0), \
                           ValErr(-0.000579146, 0.000430098, 0), \
                           ValErr(0.000681659, 0.0003569, 0), \
                           758.275, 323, 323, -nan)
reports[-1].sigmax = ValErr(0.559946, 0.0220356, 0)
reports[-1].sigmay = ValErr(0.896519, 0.0353045, 0)
reports[-1].sigmadxdz = ValErr(0.00269799, 0.000106253, 0)
reports[-1].sigmadydz = ValErr(0, 0, 0)
reports[-1].add_stats(-0.0324722, 0.131394, 0.000303234, -0.00477013, -0.0237177, 0.0561209, 0.00019814, -0.00269281, -0.0237177, 0.0561209, 0.00019814, -0.00269281, -0.0337723, 0.0624523, 0.000191745, -0.00347892, -0.0337723, 0.0624523, 0.000191745, -0.00347892, 0.564107, 0.898551, 0.00270539, 0.0279549, 0.564107, 0.898551, 0.00270539, 0.0279549)
reports[-1].CovMatrix = ['0.00145831','0.00691865','-0.00567557','6.86862e-06','2.13919e-06','-1.25211e-06','8.87598e-06','-4.5341e-06','-2.434e-08','0','0','0','0.00691865','0.107102','-0.085575','0.000103488','-2.36181e-06','1.01667e-05','0.00010471','3.61796e-05','-5.75331e-07','0','0','0','-0.00567557','-0.085575','0.0700207','-8.24754e-05','7.7196e-07','-7.18998e-06','-8.56543e-05','-2.21606e-05','4.51807e-07','0','0','0','6.86862e-06','0.000103488','-8.24754e-05','5.4107e-07','1.73962e-08','3.007e-08','2.55994e-07','5.69708e-07','-2.82744e-09','0','0','0','2.13919e-06','-2.36181e-06','7.7196e-07','1.73962e-08','1.84984e-07','-1.42299e-07','1.09094e-07','-5.125e-07','1.02878e-09','0','0','0','-1.25211e-06','1.01667e-05','-7.18998e-06','3.007e-08','-1.42299e-07','1.27378e-07','-7.63164e-08','4.63411e-07','-1.01751e-09','0','0','0','8.87598e-06','0.00010471','-8.56543e-05','2.55994e-07','1.09094e-07','-7.63164e-08','0.000485584','-1.00051e-07','-7.33332e-10','0','0','0','-4.5341e-06','3.61796e-05','-2.21606e-05','5.69708e-07','-5.125e-07','4.63411e-07','-1.00051e-07','0.00124647','-6.18712e-09','0','0','0','-2.434e-08','-5.75331e-07','4.51807e-07','-2.82744e-09','1.02878e-09','-1.01751e-09','-7.33332e-10','-6.18712e-09','1.12899e-08','0','0','0','0','0','0','0','0','0','0','0','0','0','0','0','0','0','0','0','0','0','0','0','0','0','0','0','0','0','0','0','0','0','0','0','0','0','0','0']

reports.append(Report(577011712, ("DT", -2, 1, 9), "MBwhAst1sec09"))
reports[-1].posNum = 352
reports[-1].negNum = 0
reports[-1].fittype = "6DOF"
reports[-1].add_parameters(ValErr(-0.0397925, 0.0345653, 0), \
                           ValErr(-0.263149, 0.314744, 0), \
                           ValErr(0.193493, 0.253901, 0), \
                           ValErr(0.000628889, 0.000730047, 0), \
                           ValErr(0.000547633, 0.00043918, 0), \
                           ValErr(-0.000290786, 0.000362782, 0), \
                           808.161, 352, 352, -nan)
reports[-1].sigmax = ValErr(0.554595, 0.0209042, 0)
reports[-1].sigmay = ValErr(0.980447, 0.0369584, 0)
reports[-1].sigmadxdz = ValErr(0.00262324, 9.88754e-05, 0)
reports[-1].sigmadydz = ValErr(0, 0, 0)
reports[-1].add_stats(-0.0254254, 0.0111506, 0.000191018, -0.00052565, -0.0321989, -0.0231883, 0.000140318, 9.39213e-05, -0.0321989, -0.0231883, 0.000140318, 9.39213e-05, -0.013112, -0.061345, 5.82897e-05, -0.000403352, -0.013112, -0.061345, 5.82897e-05, -0.000403352, 0.554847, 0.984067, 0.00262371, 0.0288748, 0.554847, 0.984067, 0.00262371, 0.0288748)
reports[-1].CovMatrix = ['0.00119476','0.00525766','-0.00434087','4.58092e-06','2.27253e-06','-1.60762e-06','4.82424e-08','-9.85564e-07','6.00192e-09','0','0','0','0.00525766','0.0990637','-0.0787637','8.33498e-05','-4.16975e-06','8.88652e-06','-2.07126e-05','3.40656e-05','3.56569e-08','0','0','0','-0.00434087','-0.0787637','0.0644658','-6.56049e-05','3.80894e-07','-4.61526e-06','1.67643e-05','-2.47241e-05','-3.28945e-08','0','0','0','4.58092e-06','8.33498e-05','-6.56049e-05','5.32969e-07','1.94735e-08','2.04632e-08','9.94797e-08','-2.52291e-07','3.08864e-10','0','0','0','2.27253e-06','-4.16975e-06','3.80894e-07','1.94735e-08','1.9288e-07','-1.49973e-07','5.0861e-08','-2.18066e-07','3.50096e-10','0','0','0','-1.60762e-06','8.88652e-06','-4.61526e-06','2.04632e-08','-1.49973e-07','1.31611e-07','-4.43416e-08','1.63397e-07','-2.19165e-10','0','0','0','4.82424e-08','-2.07126e-05','1.67643e-05','9.94797e-08','5.0861e-08','-4.43416e-08','0.000436997','-1.3322e-07','1.10309e-10','0','0','0','-9.85564e-07','3.40656e-05','-2.47241e-05','-2.52291e-07','-2.18066e-07','1.63397e-07','-1.3322e-07','0.00136599','-4.88883e-10','0','0','0','6.00192e-09','3.56569e-08','-3.28945e-08','3.08864e-10','3.50096e-10','-2.19165e-10','1.10309e-10','-4.88883e-10','9.77646e-09','0','0','0','0','0','0','0','0','0','0','0','0','0','0','0','0','0','0','0','0','0','0','0','0','0','0','0','0','0','0','0','0','0','0','0','0','0','0','0']

reports.append(Report(577273856, ("DT", -2, 1, 10), "MBwhAst1sec10"))
reports[-1].posNum = 344
reports[-1].negNum = 0
reports[-1].fittype = "6DOF"
reports[-1].add_parameters(ValErr(-0.0588951, 0.0332965, 0), \
                           ValErr(-0.504702, 0.297693, 0), \
                           ValErr(0.310128, 0.238334, 0), \
                           ValErr(0.000202274, 0.000705007, 0), \
                           ValErr(-0.000335524, 0.000432303, 0), \
                           ValErr(0.000529534, 0.000354508, 0), \
                           810.355, 344, 344, -nan)
reports[-1].sigmax = ValErr(0.518037, 0.0197564, 0)
reports[-1].sigmay = ValErr(1.03796, 0.0395912, 0)
reports[-1].sigmadxdz = ValErr(0.00249855, 9.53474e-05, 0)
reports[-1].sigmadydz = ValErr(0, 0, 0)
reports[-1].add_stats(-0.050601, -0.113238, 0.000388741, -0.00271369, -0.031424, -0.131559, 0.000293073, -0.00359716, -0.031424, -0.131559, 0.000293073, -0.00359716, -0.0171887, -0.145266, 0.000203293, -0.00269417, -0.0171887, -0.145266, 0.000203293, -0.00269417, 0.519713, 1.03877, 0.0025025, 0.0311108, 0.519713, 1.03877, 0.0025025, 0.0311108)
reports[-1].CovMatrix = ['0.00110865','0.00516048','-0.00422551','4.20243e-06','1.42328e-06','-8.57285e-07','5.71377e-06','-2.52655e-06','-1.81265e-08','0','0','0','0.00516048','0.0886211','-0.0696709','6.7362e-05','-5.58654e-06','9.4392e-06','0.000109259','-4.38415e-05','-3.95274e-07','0','0','0','-0.00422551','-0.0696709','0.0568033','-5.45681e-05','2.49129e-06','-6.0008e-06','-8.74288e-05','3.77456e-05','3.12763e-07','0','0','0','4.20243e-06','6.7362e-05','-5.45681e-05','4.97035e-07','1.38576e-08','2.61898e-08','1.78722e-07','8.10365e-07','-2.71986e-09','0','0','0','1.42328e-06','-5.58654e-06','2.49129e-06','1.38576e-08','1.86886e-07','-1.44333e-07','-1.36126e-07','3.43142e-08','5.81283e-10','0','0','0','-8.57285e-07','9.4392e-06','-6.0008e-06','2.61898e-08','-1.44333e-07','1.25676e-07','1.30328e-07','3.46893e-08','-7.0334e-10','0','0','0','5.71377e-06','0.000109259','-8.74288e-05','1.78722e-07','-1.36126e-07','1.30328e-07','0.000390325','1.22131e-07','-1.52277e-09','0','0','0','-2.52655e-06','-4.38415e-05','3.77456e-05','8.10365e-07','3.43142e-08','3.46893e-08','1.22131e-07','0.00156755','-4.39788e-09','0','0','0','-1.81265e-08','-3.95274e-07','3.12763e-07','-2.71986e-09','5.81283e-10','-7.0334e-10','-1.52277e-09','-4.39788e-09','9.09125e-09','0','0','0','0','0','0','0','0','0','0','0','0','0','0','0','0','0','0','0','0','0','0','0','0','0','0','0','0','0','0','0','0','0','0','0','0','0','0','0']

reports.append(Report(577536000, ("DT", -2, 1, 11), "MBwhAst1sec11"))
reports[-1].posNum = 328
reports[-1].negNum = 0
reports[-1].fittype = "6DOF"
reports[-1].add_parameters(ValErr(-0.0034426, 0.0378903, 0), \
                           ValErr(-0.358063, 0.328912, 0), \
                           ValErr(0.360798, 0.265837, 0), \
                           ValErr(0.000859654, 0.00075721, 0), \
                           ValErr(-0.000129781, 0.000442965, 0), \
                           ValErr(5.88902e-05, 0.000371094, 0), \
                           760.593, 328, 328, -nan)
reports[-1].sigmax = ValErr(0.554885, 0.0215375, 0)
reports[-1].sigmay = ValErr(0.934796, 0.0362164, 0)
reports[-1].sigmadxdz = ValErr(0.00268713, 0.00010517, 0)
reports[-1].sigmadydz = ValErr(0, 0, 0)
reports[-1].add_stats(0.045336, 0.0406373, -0.00027646, -0.0014226, 0.0291137, 0.0727096, -0.000168708, -0.000446344, 0.0291137, 0.0727096, -0.000168708, -0.000446344, 0.0323886, 0.076655, -0.000113186, 0.000119327, 0.0323886, 0.076655, -0.000113186, 0.000119327, 0.557442, 0.933209, 0.00269999, 0.0324702, 0.557442, 0.933209, 0.00269999, 0.0324702)
reports[-1].CovMatrix = ['0.00143567','0.00752861','-0.00611138','7.87175e-06','2.02751e-06','-1.29312e-06','5.66546e-05','2.27905e-05','-1.52191e-07','0','0','0','0.00752861','0.108183','-0.0863693','0.00010299','-2.97646e-06','1.11868e-05','0.000407085','-6.60678e-05','-1.4645e-06','0','0','0','-0.00611138','-0.0863693','0.0706692','-8.19677e-05','2.39431e-06','-8.74149e-06','-0.000351868','4.06137e-05','1.21304e-06','0','0','0','7.87175e-06','0.00010299','-8.19677e-05','5.73366e-07','1.64793e-08','4.02339e-08','3.30828e-07','1.17134e-06','-6.61992e-09','0','0','0','2.02751e-06','-2.97646e-06','2.39431e-06','1.64793e-08','1.96218e-07','-1.53074e-07','3.55323e-07','-7.71667e-07','8.15258e-10','0','0','0','-1.29312e-06','1.11868e-05','-8.74149e-06','4.02339e-08','-1.53074e-07','1.37711e-07','-1.98022e-07','8.89009e-07','-1.39794e-09','0','0','0','5.66546e-05','0.000407085','-0.000351868','3.30828e-07','3.55323e-07','-1.98022e-07','0.000463878','-1.55439e-05','1.23226e-08','0','0','0','2.27905e-05','-6.60678e-05','4.06137e-05','1.17134e-06','-7.71667e-07','8.89009e-07','-1.55439e-05','0.0013117','2.37863e-08','0','0','0','-1.52191e-07','-1.4645e-06','1.21304e-06','-6.61992e-09','8.15258e-10','-1.39794e-09','1.23226e-08','2.37863e-08','1.10609e-08','0','0','0','0','0','0','0','0','0','0','0','0','0','0','0','0','0','0','0','0','0','0','0','0','0','0','0','0','0','0','0','0','0','0','0','0','0','0','0']

reports.append(Report(577798144, ("DT", -2, 1, 12), "MBwhAst1sec12"))
reports[-1].posNum = 349
reports[-1].negNum = 0
reports[-1].fittype = "6DOF"
reports[-1].add_parameters(ValErr(-0.003403, 0.0375274, 0), \
                           ValErr(0.227468, 0.323648, 0), \
                           ValErr(-0.107224, 0.261327, 0), \
                           ValErr(0.000219895, 0.000766154, 0), \
                           ValErr(0.000109951, 0.000455531, 0), \
                           ValErr(-6.96557e-05, 0.00037807, 0), \
                           773.169, 349, 349, -nan)
reports[-1].sigmax = ValErr(0.561621, 0.0212584, 0)
reports[-1].sigmay = ValErr(1.02437, 0.0387785, 0)
reports[-1].sigmadxdz = ValErr(0.00268696, 0.000101713, 0)
reports[-1].sigmadydz = ValErr(0, 0, 0)
reports[-1].add_stats(0.0101814, 0.0948937, -0.000115494, -0.00129105, -0.0136816, 0.0965868, 5.96722e-06, 0.000151621, -0.0136816, 0.0965868, 5.96722e-06, 0.000151621, -0.0135685, 0.0718696, -2.9204e-06, -0.000173136, -0.0135685, 0.0718696, -2.9204e-06, -0.000173136, 0.561855, 1.02434, 0.00268685, 0.0291083, 0.561855, 1.02434, 0.00268685, 0.0291083)
reports[-1].CovMatrix = ['0.00140831','0.0069127','-0.00567816','5.94454e-06','2.46152e-06','-1.58805e-06','-3.20065e-06','4.38459e-06','8.04318e-09','0','0','0','0.0069127','0.104748','-0.0833409','8.75945e-05','-2.42029e-06','9.07301e-06','-3.91131e-05','2.06004e-05','1.66159e-07','0','0','0','-0.00567816','-0.0833409','0.068292','-6.88189e-05','9.27059e-07','-6.3194e-06','3.2598e-05','-1.90129e-05','-1.29353e-07','0','0','0','5.94454e-06','8.75945e-05','-6.88189e-05','5.86992e-07','2.24643e-08','3.09078e-08','-1.55877e-08','-3.3423e-07','1.06846e-09','0','0','0','2.46152e-06','-2.42029e-06','9.27059e-07','2.24643e-08','2.07508e-07','-1.61421e-07','-7.55236e-08','2.2003e-07','-2.0256e-10','0','0','0','-1.58805e-06','9.07301e-06','-6.3194e-06','3.09078e-08','-1.61421e-07','1.42937e-07','6.04619e-08','-2.0706e-07','2.61383e-10','0','0','0','-3.20065e-06','-3.91131e-05','3.2598e-05','-1.55877e-08','-7.55236e-08','6.04619e-08','0.000451934','-1.09738e-07','6.22568e-11','0','0','0','4.38459e-06','2.06004e-05','-1.90129e-05','-3.3423e-07','2.2003e-07','-2.0706e-07','-1.09738e-07','0.00150386','-8.8901e-10','0','0','0','8.04318e-09','1.66159e-07','-1.29353e-07','1.06846e-09','-2.0256e-10','2.61383e-10','6.22568e-11','-8.8901e-10','1.03457e-08','0','0','0','0','0','0','0','0','0','0','0','0','0','0','0','0','0','0','0','0','0','0','0','0','0','0','0','0','0','0','0','0','0','0','0','0','0','0','0']

reports.append(Report(579108864, ("DT", -2, 2, 1), "MBwhAst2sec01"))
reports[-1].posNum = 389
reports[-1].negNum = 0
reports[-1].fittype = "6DOF"
reports[-1].add_parameters(ValErr(-0.0825002, 0.0387618, 0), \
                           ValErr(0.245765, 0.321238, 0), \
                           ValErr(-0.138708, 0.306434, 0), \
                           ValErr(0.000724575, 0.000879158, 0), \
                           ValErr(-0.000246811, 0.00042481, 0), \
                           ValErr(0.000465911, 0.000408819, 0), \
                           680.108, 389, 389, -nan)
reports[-1].sigmax = ValErr(0.737138, 0.02644, 0)
reports[-1].sigmay = ValErr(1.1797, 0.0423701, 0)
reports[-1].sigmadxdz = ValErr(0.00283576, 0.000101759, 0)
reports[-1].sigmadydz = ValErr(0, 0, 0)
reports[-1].add_stats(-0.112702, 0.138882, 0.00019762, -0.00110778, -0.0746335, 0.106559, 0.000238931, -0.00156679, -0.0746335, 0.106559, 0.000238931, -0.00156679, -0.0722204, 0.145371, 0.00017871, -0.00155793, -0.0722204, 0.145371, 0.00017871, -0.00155793, 0.738301, 1.17974, 0.00283825, 0.0235514, 0.738301, 1.17974, 0.00283825, 0.0235514)
reports[-1].CovMatrix = ['0.00150248','-0.00283558','0.00277576','-2.55898e-06','2.12931e-06','-1.98262e-06','8.78104e-06','-1.53712e-05','5.71843e-09','0','0','0','-0.00283558','0.103194','-0.0967057','9.44294e-05','-1.77497e-06','-7.3126e-07','-0.00020669','0.000187403','3.47746e-07','0','0','0','0.00277576','-0.0967057','0.0939017','-9.13396e-05','3.62469e-06','-1.14118e-06','0.0002028','-0.000190027','-3.2247e-07','0','0','0','-2.55898e-06','9.44294e-05','-9.13396e-05','7.72918e-07','-3.39965e-08','8.58674e-09','-2.41491e-08','-1.07044e-06','2.7101e-09','0','0','0','2.12931e-06','-1.77497e-06','3.62469e-06','-3.39965e-08','1.80464e-07','-1.63487e-07','1.76736e-07','-7.66459e-07','1.17113e-09','0','0','0','-1.98262e-06','-7.3126e-07','-1.14118e-06','8.58674e-09','-1.63487e-07','1.67133e-07','-1.82218e-07','7.7792e-07','-1.16972e-09','0','0','0','8.78104e-06','-0.00020669','0.0002028','-2.41491e-08','1.76736e-07','-1.82218e-07','0.000699097','-1.58474e-06','1.21023e-09','0','0','0','-1.53712e-05','0.000187403','-0.000190027','-1.07044e-06','-7.66459e-07','7.7792e-07','-1.58474e-06','0.00179533','-9.6815e-09','0','0','0','5.71843e-09','3.47746e-07','-3.2247e-07','2.7101e-09','1.17113e-09','-1.16972e-09','1.21023e-09','-9.6815e-09','1.0355e-08','0','0','0','0','0','0','0','0','0','0','0','0','0','0','0','0','0','0','0','0','0','0','0','0','0','0','0','0','0','0','0','0','0','0','0','0','0','0','0']

reports.append(Report(579371008, ("DT", -2, 2, 2), "MBwhAst2sec02"))
reports[-1].posNum = 330
reports[-1].negNum = 0
reports[-1].fittype = "6DOF"
reports[-1].add_parameters(ValErr(0.0329497, 0.0383525, 0), \
                           ValErr(-0.299559, 0.31999, 0), \
                           ValErr(0.190504, 0.302933, 0), \
                           ValErr(-0.000119512, 0.000931406, 0), \
                           ValErr(0.000349483, 0.000447224, 0), \
                           ValErr(-0.000359297, 0.000427172, 0), \
                           642.486, 330, 330, -nan)
reports[-1].sigmax = ValErr(0.663354, 0.0258594, 0)
reports[-1].sigmay = ValErr(1.14136, 0.0446186, 0)
reports[-1].sigmadxdz = ValErr(0.00267041, 0.000104428, 0)
reports[-1].sigmadydz = ValErr(0, 0, 0)
reports[-1].add_stats(0.0195774, -0.0563564, -2.02456e-05, -0.00102362, 0.0232647, -0.10376, -2.32918e-05, -0.00134258, 0.0232647, -0.10376, -2.32918e-05, -0.00134258, 0.0276026, -0.0203177, 1.89684e-06, -0.00142607, 0.0276026, -0.0203177, 1.89684e-06, -0.00142607, 0.66479, 1.14194, 0.00266766, 0.0231442, 0.66479, 1.14194, 0.00266766, 0.0231442)
reports[-1].CovMatrix = ['0.00147092','-0.00352495','0.00340898','-2.75709e-06','1.56044e-06','-1.35659e-06','-1.52454e-05','1.21646e-05','3.57141e-08','0','0','0','-0.00352495','0.102394','-0.0950429','8.24816e-05','-2.28221e-06','-4.65564e-07','0.000442507','-0.000391429','-8.65062e-07','0','0','0','0.00340898','-0.0950429','0.0917687','-8.21162e-05','3.18085e-06','-3.93408e-07','-0.000427573','0.000367328','8.65456e-07','0','0','0','-2.75709e-06','8.24816e-05','-8.21162e-05','8.67517e-07','-4.04073e-08','4.37084e-09','4.68459e-07','3.12422e-06','-9.15097e-09','0','0','0','1.56044e-06','-2.28221e-06','3.18085e-06','-4.04073e-08','2.00009e-07','-1.80184e-07','-2.27862e-08','-5.22863e-07','1.32146e-09','0','0','0','-1.35659e-06','-4.65564e-07','-3.93408e-07','4.37084e-09','-1.80184e-07','1.82476e-07','1.54472e-08','3.72695e-07','-9.32065e-10','0','0','0','-1.52454e-05','0.000442507','-0.000427573','4.68459e-07','-2.27862e-08','1.54472e-08','0.00066873','-1.32131e-06','-4.99272e-09','0','0','0','1.21646e-05','-0.000391429','0.000367328','3.12422e-06','-5.22863e-07','3.72695e-07','-1.32131e-06','0.00199095','-3.47151e-08','0','0','0','3.57141e-08','-8.65062e-07','8.65456e-07','-9.15097e-09','1.32146e-09','-9.32065e-10','-4.99272e-09','-3.47151e-08','1.09054e-08','0','0','0','0','0','0','0','0','0','0','0','0','0','0','0','0','0','0','0','0','0','0','0','0','0','0','0','0','0','0','0','0','0','0','0','0','0','0','0']

reports.append(Report(579633152, ("DT", -2, 2, 3), "MBwhAst2sec03"))
reports[-1].posNum = 346
reports[-1].negNum = 0
reports[-1].fittype = "6DOF"
reports[-1].add_parameters(ValErr(0.0223015, 0.0432246, 0), \
                           ValErr(-0.367343, 0.353065, 0), \
                           ValErr(0.389197, 0.335922, 0), \
                           ValErr(-0.000481399, 0.000965186, 0), \
                           ValErr(6.29632e-05, 0.00046904, 0), \
                           ValErr(-3.066e-05, 0.000453206, 0), \
                           579.875, 346, 346, -nan)
reports[-1].sigmax = ValErr(0.762404, 0.0283838, 0)
reports[-1].sigmay = ValErr(1.24214, 0.0472978, 0)
reports[-1].sigmadxdz = ValErr(0.0027995, 0.000106024, 0)
reports[-1].sigmadydz = ValErr(0, 0, 0)
reports[-1].add_stats(0.00065638, 0.030748, -4.06799e-05, 0.00186384, 0.0071327, 0.0340195, 1.90848e-05, 0.0014843, 0.0071327, 0.0340195, 1.90848e-05, 0.0014843, -0.0112295, 0.0446839, 6.5353e-05, 0.00115341, -0.0112295, 0.0446839, 6.5353e-05, 0.00115341, 0.764531, 1.24199, 0.00279759, 0.023176, 0.764531, 1.24199, 0.00279759, 0.023176)
