nan = None;  NAN = None
nan = 0
reports = []
class ValErr:
    def __init__(self, value, error, antisym):
        self.value, self.error, self.antisym = value, error, antisym

    def __repr__(self):
        if self.antisym == 0.:
            return "%g +- %g" % (self.value, self.error)
        else:
            return "%g +- %g ~ %g" % (self.value, self.error, self.antisym)

class Report:
    def __init__(self, chamberId, postal_address, name):
        self.chamberId, self.postal_address, self.name = chamberId, postal_address, name
        self.status = "NOFIT"
        self.fittype = None
        self.CovMatrix = None

    def add_parameters(self, deltax, deltay, deltaz, deltaphix, deltaphiy, deltaphiz, loglikelihood, numsegments, sumofweights, redchi2):
        self.status = "PASS"
        self.deltax, self.deltay, self.deltaz, self.deltaphix, self.deltaphiy, self.deltaphiz = deltax, deltay, deltaz, deltaphix, deltaphiy, deltaphiz
        self.loglikelihood, self.numsegments, self.sumofweights, self.redchi2 = loglikelihood, numsegments, sumofweights, redchi2

    def add_stats(self, median_x, median_y, median_dxdz, median_dydz, mean30_x, mean30_y, mean20_dxdz, mean50_dydz, mean15_x, mean15_y, mean10_dxdz, mean25_dydz, wmean30_x, wmean30_y, wmean20_dxdz, wmean50_dydz, wmean15_x, wmean15_y, wmean10_dxdz, wmean25_dydz, stdev30_x, stdev30_y, stdev20_dxdz, stdev50_dydz, stdev15_x, stdev15_y, stdev10_dxdz, stdev25_dydz):
        self.median_x, self.median_y, self.median_dxdz, self.median_dydz, self.mean30_x, self.mean30_y, self.mean20_dxdz, self.mean50_dydz, self.mean15_x, self.mean15_y, self.mean10_dxdz, self.mean25_dydz, self.wmean30_x, self.wmean30_y, self.wmean20_dxdz, self.wmean50_dydz, self.wmean15_x, self.wmean15_y, self.wmean10_dxdz, self.wmean25_dydz, self.stdev30_x, self.stdev30_y, self.stdev20_dxdz, self.stdev50_dydz, self.stdev15_x, self.stdev15_y, self.stdev10_dxdz, self.stdev25_dydz = median_x, median_y, median_dxdz, median_dydz, mean30_x, mean30_y, mean20_dxdz, mean50_dydz, mean15_x, mean15_y, mean10_dxdz, mean25_dydz, wmean30_x, wmean30_y, wmean20_dxdz, wmean50_dydz, wmean15_x, wmean15_y, wmean10_dxdz, wmean25_dydz, stdev30_x, stdev30_y, stdev20_dxdz, stdev50_dydz, stdev15_x, stdev15_y, stdev10_dxdz, stdev25_dydz

    def __repr__(self):
        return "<Report %s %s %s>" % (self.postal_address[0], " ".join(map(str, self.postal_address[1:])), self.status)

reports.append(Report(574914560, ("DT", -2, 1, 1), "MBwhAst1sec01"))
reports[-1].posNum = 2851
reports[-1].negNum = 0
reports[-1].fittype = "6DOF"
reports[-1].add_parameters(ValErr(-0.00916335, 0.0129964, 0), \
                           ValErr(-0.104789, 0.110975, 0), \
                           ValErr(0.100227, 0.0896925, 0), \
                           ValErr(6.47352e-05, 0.00026105, 0), \
                           ValErr(-2.45641e-05, 0.000157081, 0), \
                           ValErr(2.68946e-05, 0.000130747, 0), \
                           6382.93, 2851, 2851, -nan)
reports[-1].sigmax = ValErr(0.558395, 0.00739492, 0)
reports[-1].sigmay = ValErr(1.01293, 0.0134149, 0)
reports[-1].sigmadxdz = ValErr(0.00266963, 3.53555e-05, 0)
reports[-1].sigmadydz = ValErr(0, 0, 0)
reports[-1].add_stats(-0.00574592, 0.0230444, -3.61304e-05, -0.00290141, -0.000515981, 0.0155038, 1.66075e-06, -0.00142298, -0.000515981, 0.0155038, 1.66075e-06, -0.00142298, 0.00418691, 0.00805937, -2.29123e-05, -0.00151815, 0.00418691, 0.00805937, -2.29123e-05, -0.00151815, 0.558554, 1.01291, 0.00266975, 0.0287966, 0.558554, 1.01291, 0.00266975, 0.0287966)
reports[-1].CovMatrix = ['0.000168905','0.000803699','-0.00066138','6.93457e-07','3.27414e-07','-2.21601e-07','4.009e-07','-2.14982e-07','-8.17586e-10','0','0','0','0.000803699','0.0123155','-0.0098043','1.03053e-05','-4.67386e-07','1.21625e-06','5.41974e-06','-3.12424e-06','-1.35824e-08','0','0','0','-0.00066138','-0.0098043','0.00804475','-7.98134e-06','2.52811e-07','-8.50998e-07','-4.43569e-06','2.977e-06','1.04901e-08','0','0','0','6.93457e-07','1.03053e-05','-7.98134e-06','6.81469e-08','2.48336e-09','3.62342e-09','4.61775e-09','3.049e-08','-8.83171e-11','0','0','0','3.27414e-07','-4.67386e-07','2.52811e-07','2.48336e-09','2.46746e-08','-1.92488e-08','-1.57763e-09','2.22493e-09','3.40222e-12','0','0','0','-2.21601e-07','1.21625e-06','-8.50998e-07','3.62342e-09','-1.92488e-08','1.70948e-08','1.84353e-09','7.12448e-10','-9.89541e-12','0','0','0','4.009e-07','5.41974e-06','-4.43569e-06','4.61775e-09','-1.57763e-09','1.84353e-09','5.46851e-05','-1.56145e-09','-6.4516e-12','0','0','0','-2.14982e-07','-3.12424e-06','2.977e-06','3.049e-08','2.22493e-09','7.12448e-10','-1.56145e-09','0.000179962','-3.92145e-11','0','0','0','-8.17586e-10','-1.35824e-08','1.04901e-08','-8.83171e-11','3.40222e-12','-9.89541e-12','-6.4516e-12','-3.92145e-11','1.25001e-09','0','0','0','0','0','0','0','0','0','0','0','0','0','0','0','0','0','0','0','0','0','0','0','0','0','0','0','0','0','0','0','0','0','0','0','0','0','0','0']

reports.append(Report(575176704, ("DT", -2, 1, 2), "MBwhAst1sec02"))
reports[-1].posNum = 2742
reports[-1].negNum = 0
reports[-1].fittype = "6DOF"
reports[-1].add_parameters(ValErr(-0.0297969, 0.0127776, 0), \
                           ValErr(-0.0047782, 0.111281, 0), \
                           ValErr(0.0311298, 0.0899521, 0), \
                           ValErr(8.00528e-05, 0.000259579, 0), \
                           ValErr(-7.46277e-05, 0.000155208, 0), \
                           ValErr(0.000199041, 0.000128948, 0), \
                           6369.13, 2742, 2742, -nan)
reports[-1].sigmax = ValErr(0.542707, 0.00732875, 0)
reports[-1].sigmay = ValErr(0.976384, 0.0131852, 0)
reports[-1].sigmadxdz = ValErr(0.00262013, 3.53816e-05, 0)
reports[-1].sigmadydz = ValErr(0, 0, 0)
reports[-1].add_stats(-0.0250923, 0.0185935, 0.000155218, -0.00186392, -0.0246626, 0.0307158, 0.000152526, -0.00048911, -0.0246626, 0.0307158, 0.000152526, -0.00048911, -0.0236776, 0.0303746, 0.000159199, -0.000404235, -0.0236776, 0.0303746, 0.000159199, -0.000404235, 0.542875, 0.976396, 0.00262041, 0.0286759, 0.542875, 0.976396, 0.00262041, 0.0286759)
reports[-1].CovMatrix = ['0.000163267','0.000781004','-0.000642989','7.01649e-07','3.10256e-07','-2.08147e-07','3.18848e-07','-3.23069e-07','-1.60749e-10','0','0','0','0.000781004','0.0123835','-0.00986551','1.07829e-05','-5.09332e-07','1.25873e-06','2.3638e-06','-9.57807e-07','-4.76035e-09','0','0','0','-0.000642989','-0.00986551','0.00809137','-8.40509e-06','2.4739e-07','-8.57173e-07','-1.95371e-06','1.08898e-06','3.64123e-09','0','0','0','7.01649e-07','1.07829e-05','-8.40509e-06','6.73814e-08','2.415e-09','3.44005e-09','7.76417e-09','1.24107e-09','-2.67559e-11','0','0','0','3.10256e-07','-5.09332e-07','2.4739e-07','2.415e-09','2.40896e-08','-1.87438e-08','7.12712e-09','-1.67339e-08','1.2071e-11','0','0','0','-2.08147e-07','1.25873e-06','-8.57173e-07','3.44005e-09','-1.87438e-08','1.66277e-08','-5.70554e-09','1.37998e-08','-8.59435e-12','0','0','0','3.18848e-07','2.3638e-06','-1.95371e-06','7.76417e-09','7.12712e-09','-5.70554e-09','5.37108e-05','-5.151e-09','-6.99824e-13','0','0','0','-3.23069e-07','-9.57807e-07','1.08898e-06','1.24107e-09','-1.67339e-08','1.37998e-08','-5.151e-09','0.00017385','-8.58203e-12','0','0','0','-1.60749e-10','-4.76035e-09','3.64123e-09','-2.67559e-11','1.2071e-11','-8.59435e-12','-6.99824e-13','-8.58203e-12','1.25186e-09','0','0','0','0','0','0','0','0','0','0','0','0','0','0','0','0','0','0','0','0','0','0','0','0','0','0','0','0','0','0','0','0','0','0','0','0','0','0','0']

reports.append(Report(575438848, ("DT", -2, 1, 3), "MBwhAst1sec03"))
reports[-1].posNum = 2704
reports[-1].negNum = 0
reports[-1].fittype = "6DOF"
reports[-1].add_parameters(ValErr(-0.0136139, 0.0129967, 0), \
                           ValErr(-0.110329, 0.11187, 0), \
                           ValErr(0.0901111, 0.0904783, 0), \
                           ValErr(0.000109728, 0.000263127, 0), \
                           ValErr(9.04871e-05, 0.000156916, 0), \
                           ValErr(-4.69683e-05, 0.000130767, 0), \
                           6213.07, 2704, 2704, -nan)
reports[-1].sigmax = ValErr(0.549491, 0.00747443, 0)
reports[-1].sigmay = ValErr(0.974991, 0.0132644, 0)
reports[-1].sigmadxdz = ValErr(0.00265724, 3.6141e-05, 0)
reports[-1].sigmadydz = ValErr(0, 0, 0)
reports[-1].add_stats(-0.00771605, -0.00207629, -2.50617e-05, -0.00231464, -0.00755326, -0.00202891, 3.29641e-05, -0.000938854, -0.00755326, -0.00202891, 3.29641e-05, -0.000938854, -0.0116047, 0.00986175, 5.14996e-05, -0.000849319, -0.0116047, 0.00986175, 5.14996e-05, -0.000849319, 0.54976, 0.97469, 0.0026576, 0.0295359, 0.54976, 0.97469, 0.0026576, 0.0295359)
reports[-1].CovMatrix = ['0.000168915','0.000788489','-0.00064966','7.08814e-07','3.4584e-07','-2.39018e-07','5.62325e-07','-7.48219e-08','-1.98309e-09','0','0','0','0.000788489','0.0125149','-0.00997489','1.09542e-05','-4.86235e-07','1.25502e-06','1.33432e-05','-1.11656e-05','-2.98069e-08','0','0','0','-0.00064966','-0.00997489','0.00818633','-8.45929e-06','2.33456e-07','-8.51011e-07','-1.07964e-05','9.59641e-06','2.30449e-08','0','0','0','7.08814e-07','1.09542e-05','-8.45929e-06','6.9236e-08','2.39466e-09','3.59061e-09','8.54528e-09','5.99449e-08','-1.89966e-10','0','0','0','3.4584e-07','-4.86235e-07','2.33456e-07','2.39466e-09','2.46226e-08','-1.91988e-08','-2.24772e-08','4.5606e-08','-1.40466e-11','0','0','0','-2.39018e-07','1.25502e-06','-8.51011e-07','3.59061e-09','-1.91988e-08','1.70999e-08','2.02466e-08','-3.24705e-08','-8.41317e-12','0','0','0','5.62325e-07','1.33432e-05','-1.07964e-05','8.54528e-09','-2.24772e-08','2.02466e-08','5.58673e-05','-5.51793e-08','-2.14108e-11','0','0','0','-7.48219e-08','-1.11656e-05','9.59641e-06','5.99449e-08','4.5606e-08','-3.24705e-08','-5.51793e-08','0.000175945','-1.74329e-10','0','0','0','-1.98309e-09','-2.98069e-08','2.30449e-08','-1.89966e-10','-1.40466e-11','-8.41317e-12','-2.14108e-11','-1.74329e-10','1.30618e-09','0','0','0','0','0','0','0','0','0','0','0','0','0','0','0','0','0','0','0','0','0','0','0','0','0','0','0','0','0','0','0','0','0','0','0','0','0','0','0']

reports.append(Report(575700992, ("DT", -2, 1, 4), "MBwhAst1sec04"))
reports[-1].posNum = 2835
reports[-1].negNum = 0
reports[-1].fittype = "6DOF"
reports[-1].add_parameters(ValErr(0.0102918, 0.0126277, 0), \
                           ValErr(0.12831, 0.10958, 0), \
                           ValErr(-0.0883399, 0.0885325, 0), \
                           ValErr(-0.000230074, 0.000255953, 0), \
                           ValErr(-0.000194631, 0.00015201, 0), \
                           ValErr(0.000122558, 0.000126505, 0), \
                           6474.83, 2835, 2835, -nan)
reports[-1].sigmax = ValErr(0.550869, 0.0073162, 0)
reports[-1].sigmay = ValErr(0.972785, 0.012919, 0)
reports[-1].sigmadxdz = ValErr(0.00269366, 3.57755e-05, 0)
reports[-1].sigmadydz = ValErr(0, 0, 0)
reports[-1].add_stats(0.00144092, 0.0197538, 2.02208e-05, -0.00237103, 0.00581665, 0.0214893, -2.98308e-05, -7.68893e-05, 0.00581665, 0.0214893, -2.98308e-05, -7.68893e-05, 0.00209256, 0.0295803, -5.84916e-06, -0.000550322, 0.00209256, 0.0295803, -5.84916e-06, -0.000550322, 0.550913, 0.973112, 0.00269444, 0.0291727, 0.550913, 0.973112, 0.00269444, 0.0291727)
reports[-1].CovMatrix = ['0.000159458','0.00074616','-0.000613999','6.80772e-07','2.86662e-07','-1.89765e-07','-3.93997e-07','3.76581e-07','1.38327e-09','0','0','0','0.00074616','0.0120078','-0.00956293','1.06167e-05','-5.47035e-07','1.27137e-06','-4.76521e-06','6.41462e-06','9.51397e-09','0','0','0','-0.000613999','-0.00956293','0.007838','-8.30748e-06','2.69096e-07','-8.64223e-07','3.93931e-06','-5.14019e-06','-7.82121e-09','0','0','0','6.80772e-07','1.06167e-05','-8.30748e-06','6.55119e-08','1.57293e-09','3.88032e-09','-1.13986e-08','-3.36388e-10','7.02714e-11','0','0','0','2.86662e-07','-5.47035e-07','2.69096e-07','1.57293e-09','2.31069e-08','-1.79568e-08','-9.80206e-09','-2.03366e-09','5.49124e-11','0','0','0','-1.89765e-07','1.27137e-06','-8.64223e-07','3.88032e-09','-1.79568e-08','1.60036e-08','7.4833e-09','1.63998e-09','-4.0091e-11','0','0','0','-3.93997e-07','-4.76521e-06','3.93931e-06','-1.13986e-08','-9.80206e-09','7.4833e-09','5.3527e-05','-1.11413e-09','-3.53216e-11','0','0','0','3.76581e-07','6.41462e-06','-5.14019e-06','-3.36388e-10','-2.03366e-09','1.63998e-09','-1.11413e-09','0.000166902','-5.15306e-12','0','0','0','1.38327e-09','9.51397e-09','-7.82121e-09','7.02714e-11','5.49124e-11','-4.0091e-11','-3.53216e-11','-5.15306e-12','1.27989e-09','0','0','0','0','0','0','0','0','0','0','0','0','0','0','0','0','0','0','0','0','0','0','0','0','0','0','0','0','0','0','0','0','0','0','0','0','0','0','0']

reports.append(Report(575963136, ("DT", -2, 1, 5), "MBwhAst1sec05"))
reports[-1].posNum = 2812
reports[-1].negNum = 0
reports[-1].fittype = "6DOF"
reports[-1].add_parameters(ValErr(0.017089, 0.0127318, 0), \
                           ValErr(0.0298912, 0.108391, 0), \
                           ValErr(0.0021775, 0.0875116, 0), \
                           ValErr(-0.000176786, 0.000255692, 0), \
                           ValErr(4.0683e-05, 0.000153752, 0), \
                           ValErr(-7.50882e-05, 0.000127503, 0), \
                           6480.73, 2812, 2812, -nan)
reports[-1].sigmax = ValErr(0.543718, 0.00725161, 0)
reports[-1].sigmay = ValErr(0.988472, 0.0131858, 0)
reports[-1].sigmadxdz = ValErr(0.00263051, 3.50892e-05, 0)
reports[-1].sigmadydz = ValErr(0, 0, 0)
reports[-1].add_stats(0.0212689, 0.0339861, -9.90521e-06, -0.00252116, 0.0163551, 0.0344323, -2.80669e-05, -0.000437593, 0.0163551, 0.0344323, -2.80669e-05, -0.000437593, 0.0215438, 0.0399477, -4.08794e-05, -0.000438086, 0.0215438, 0.0399477, -4.08794e-05, -0.000438086, 0.543751, 0.988794, 0.00262992, 0.0287826, 0.543751, 0.988794, 0.00262992, 0.0287826)
reports[-1].CovMatrix = ['0.000162098','0.000771725','-0.000634216','6.69026e-07','3.0385e-07','-2.02598e-07','9.70082e-07','-7.2742e-07','-2.24234e-09','0','0','0','0.000771725','0.0117487','-0.0093421','9.88926e-06','-3.19021e-07','1.05795e-06','1.47582e-05','-1.17843e-05','-3.6157e-08','0','0','0','-0.000634216','-0.0093421','0.00765827','-7.71326e-06','1.52014e-07','-7.44119e-07','-1.20747e-05','1.03579e-05','2.81411e-08','0','0','0','6.69026e-07','9.88926e-06','-7.71326e-06','6.53784e-08','2.84196e-09','3.16597e-09','1.05134e-08','7.47983e-08','-2.36265e-10','0','0','0','3.0385e-07','-3.19021e-07','1.52014e-07','2.84196e-09','2.36398e-08','-1.83372e-08','-6.2892e-09','1.08922e-08','3.17035e-12','0','0','0','-2.02598e-07','1.05795e-06','-7.44119e-07','3.16597e-09','-1.83372e-08','1.6257e-08','6.39507e-09','-2.49696e-09','-2.35249e-11','0','0','0','9.70082e-07','1.47582e-05','-1.20747e-05','1.05134e-08','-6.2892e-09','6.39507e-09','5.2586e-05','-2.04155e-08','-4.24115e-11','0','0','0','-7.2742e-07','-1.17843e-05','1.03579e-05','7.47983e-08','1.08922e-08','-2.49696e-09','-2.04155e-08','0.000173867','-2.65828e-10','0','0','0','-2.24234e-09','-3.6157e-08','2.81411e-08','-2.36265e-10','3.17035e-12','-2.35249e-11','-4.24115e-11','-2.65828e-10','1.23125e-09','0','0','0','0','0','0','0','0','0','0','0','0','0','0','0','0','0','0','0','0','0','0','0','0','0','0','0','0','0','0','0','0','0','0','0','0','0','0','0']

reports.append(Report(576225280, ("DT", -2, 1, 6), "MBwhAst1sec06"))
reports[-1].posNum = 2754
reports[-1].negNum = 0
reports[-1].fittype = "6DOF"
reports[-1].add_parameters(ValErr(0.00670782, 0.0127529, 0), \
                           ValErr(0.000886324, 0.108284, 0), \
                           ValErr(-0.0414296, 0.0874577, 0), \
                           ValErr(0.000106936, 0.00025588, 0), \
                           ValErr(-5.17411e-05, 0.00015489, 0), \
                           ValErr(5.82518e-05, 0.000128738, 0), \
                           6380.69, 2754, 2754, -nan)
reports[-1].sigmax = ValErr(0.543889, 0.00732905, 0)
reports[-1].sigmay = ValErr(0.994785, 0.0134065, 0)
reports[-1].sigmadxdz = ValErr(0.00258132, 3.47885e-05, 0)
reports[-1].sigmadydz = ValErr(0, 0, 0)
reports[-1].add_stats(-0.0127172, -0.0285303, -1.03308e-05, -0.00158216, 0.00416427, -0.0506713, 3.23118e-06, -0.000612986, 0.00416427, -0.0506713, 3.23118e-06, -0.000612986, -0.00162762, -0.0379056, 3.51259e-05, -0.00133391, -0.00162762, -0.0379056, 3.51259e-05, -0.00133391, 0.543974, 0.994776, 0.00258115, 0.0289953, 0.543974, 0.994776, 0.00258115, 0.0289953)
reports[-1].CovMatrix = ['0.000162637','0.0007538','-0.00062044','6.29689e-07','3.12125e-07','-2.14434e-07','-5.10731e-07','3.61389e-07','1.9777e-09','0','0','0','0.0007538','0.0117254','-0.00932146','9.45029e-06','-4.95612e-07','1.15531e-06','-9.56542e-06','9.69728e-06','2.40496e-08','0','0','0','-0.00062044','-0.00932146','0.00764885','-7.3189e-06','2.78208e-07','-8.06276e-07','7.80772e-06','-8.07705e-06','-1.8741e-08','0','0','0','6.29689e-07','9.45029e-06','-7.3189e-06','6.54746e-08','2.72823e-09','3.15188e-09','-9.03429e-09','-4.51512e-08','1.73639e-10','0','0','0','3.12125e-07','-4.95612e-07','2.78208e-07','2.72823e-09','2.3991e-08','-1.86997e-08','4.64837e-09','-2.10969e-08','3.43963e-11','0','0','0','-2.14434e-07','1.15531e-06','-8.06276e-07','3.15188e-09','-1.86997e-08','1.65735e-08','-4.86948e-09','1.36755e-08','-1.16412e-11','0','0','0','-5.10731e-07','-9.56542e-06','7.80772e-06','-9.03429e-09','4.64837e-09','-4.86948e-09','5.37152e-05','-1.04207e-08','-1.86698e-11','0','0','0','3.61389e-07','9.69728e-06','-8.07705e-06','-4.51512e-08','-2.10969e-08','1.36755e-08','-1.04207e-08','0.000179736','-1.40971e-10','0','0','0','1.9777e-09','2.40496e-08','-1.8741e-08','1.73639e-10','3.43963e-11','-1.16412e-11','-1.86698e-11','-1.40971e-10','1.21024e-09','0','0','0','0','0','0','0','0','0','0','0','0','0','0','0','0','0','0','0','0','0','0','0','0','0','0','0','0','0','0','0','0','0','0','0','0','0','0','0']

reports.append(Report(576487424, ("DT", -2, 1, 7), "MBwhAst1sec07"))
reports[-1].posNum = 2850
reports[-1].negNum = 0
reports[-1].fittype = "6DOF"
reports[-1].add_parameters(ValErr(0.0211437, 0.012601, 0), \
                           ValErr(0.045711, 0.109505, 0), \
                           ValErr(-0.0141383, 0.088411, 0), \
                           ValErr(0.000308578, 0.000259307, 0), \
                           ValErr(0.000100124, 0.000155171, 0), \
                           ValErr(-0.000124605, 0.000128845, 0), \
                           6551.91, 2850, 2850, -nan)
reports[-1].sigmax = ValErr(0.540681, 0.00716173, 0)
reports[-1].sigmay = ValErr(0.99179, 0.0131366, 0)
reports[-1].sigmadxdz = ValErr(0.00265169, 3.51233e-05, 0)
reports[-1].sigmadydz = ValErr(0, 0, 0)
reports[-1].add_stats(0.0316114, 0.0218042, 1.34919e-05, -0.00173713, 0.0179123, 0.0269805, -7.8329e-05, -0.00034199, 0.0179123, 0.0269805, -7.8329e-05, -0.00034199, 0.0125253, 0.0319966, -4.93919e-05, -0.000269398, 0.0125253, 0.0319966, -4.93919e-05, -0.000269398, 0.540816, 0.991949, 0.00265176, 0.0288118, 0.540816, 0.991949, 0.00265176, 0.0288118)
reports[-1].CovMatrix = ['0.000158785','0.000776134','-0.000637657','6.83515e-07','2.87502e-07','-1.87685e-07','8.41326e-08','-1.50739e-07','4.87317e-10','0','0','0','0.000776134','0.0119914','-0.00953904','1.02232e-05','-4.93127e-07','1.22504e-06','2.23325e-06','-2.51956e-06','-2.66495e-10','0','0','0','-0.000637657','-0.00953904','0.00781651','-7.98741e-06','2.78317e-07','-8.68587e-07','-1.7994e-06','2.25019e-06','4.22819e-11','0','0','0','6.83515e-07','1.02232e-05','-7.98741e-06','6.72402e-08','2.21813e-09','3.73159e-09','-1.25328e-09','5.11722e-09','6.35935e-12','0','0','0','2.87502e-07','-4.93127e-07','2.78317e-07','2.21813e-09','2.40781e-08','-1.87264e-08','-8.36063e-09','2.58507e-09','3.55628e-11','0','0','0','-1.87685e-07','1.22504e-06','-8.68587e-07','3.73159e-09','-1.87264e-08','1.6601e-08','7.29502e-09','-1.66624e-09','-3.03508e-11','0','0','0','8.41326e-08','2.23325e-06','-1.7994e-06','-1.25328e-09','-8.36063e-09','7.29502e-09','5.12906e-05','-1.68044e-09','-1.39083e-11','0','0','0','-1.50739e-07','-2.51956e-06','2.25019e-06','5.11722e-09','2.58507e-09','-1.66624e-09','-1.68044e-09','0.000172572','4.14038e-12','0','0','0','4.87317e-10','-2.66495e-10','4.22819e-11','6.35935e-12','3.55628e-11','-3.03508e-11','-1.39083e-11','4.14038e-12','1.23365e-09','0','0','0','0','0','0','0','0','0','0','0','0','0','0','0','0','0','0','0','0','0','0','0','0','0','0','0','0','0','0','0','0','0','0','0','0','0','0','0']

reports.append(Report(576749568, ("DT", -2, 1, 8), "MBwhAst1sec08"))
reports[-1].posNum = 2792
reports[-1].negNum = 0
reports[-1].fittype = "6DOF"
reports[-1].add_parameters(ValErr(0.000252087, 0.0130221, 0), \
                           ValErr(0.0990143, 0.112111, 0), \
                           ValErr(-0.0813964, 0.0905266, 0), \
                           ValErr(0.000307085, 0.000258778, 0), \
                           ValErr(0.000203099, 0.000155502, 0), \
                           ValErr(-8.85785e-05, 0.000128082, 0), \
                           6481.43, 2792, 2792, -nan)
reports[-1].sigmax = ValErr(0.547604, 0.00733221, 0)
reports[-1].sigmay = ValErr(0.95641, 0.0128129, 0)
reports[-1].sigmadxdz = ValErr(0.00265458, 3.55426e-05, 0)
reports[-1].sigmadydz = ValErr(0, 0, 0)
reports[-1].add_stats(-0.00865766, -0.0266112, 5.08393e-05, -0.00200936, -0.0085168, -0.00107204, 8.05076e-05, -0.000531709, -0.0085168, -0.00107204, 8.05076e-05, -0.000531709, -0.0032219, 0.0018521, 5.78068e-05, -0.000872787, -0.0032219, 0.0018521, 5.78068e-05, -0.000872787, 0.54802, 0.956184, 0.00265403, 0.0285762, 0.54802, 0.956184, 0.00265403, 0.0285762)
reports[-1].CovMatrix = ['0.000169575','0.000846199','-0.000693402','7.77959e-07','2.90291e-07','-1.7985e-07','-1.28512e-06','1.57775e-06','2.39343e-09','0','0','0','0.000846199','0.0125689','-0.0100148','1.12481e-05','1.09605e-10','9.14636e-07','-1.36376e-05','8.39106e-06','4.71352e-08','0','0','0','-0.000693402','-0.0100148','0.00819506','-8.91351e-06','-6.96229e-08','-6.66219e-07','1.12422e-05','-7.36337e-06','-3.71455e-08','0','0','0','7.77959e-07','1.12481e-05','-8.91351e-06','6.69658e-08','3.85126e-09','2.60184e-09','-1.93575e-08','-5.76518e-08','2.68167e-10','0','0','0','2.90291e-07','1.09605e-10','-6.96229e-08','3.85126e-09','2.4181e-08','-1.86073e-08','-3.11753e-08','7.65457e-08','-5.9399e-11','0','0','0','-1.7985e-07','9.14636e-07','-6.66219e-07','2.60184e-09','-1.86073e-08','1.64051e-08','2.54753e-08','-6.76241e-08','6.49198e-11','0','0','0','-1.28512e-06','-1.36376e-05','1.12422e-05','-1.93575e-08','-3.11753e-08','2.54753e-08','5.37614e-05','-1.09885e-07','9.58821e-12','0','0','0','1.57775e-06','8.39106e-06','-7.36337e-06','-5.76518e-08','7.65457e-08','-6.76241e-08','-1.09885e-07','0.000164172','-4.7306e-10','0','0','0','2.39343e-09','4.71352e-08','-3.71455e-08','2.68167e-10','-5.9399e-11','6.49198e-11','9.58821e-12','-4.7306e-10','1.26328e-09','0','0','0','0','0','0','0','0','0','0','0','0','0','0','0','0','0','0','0','0','0','0','0','0','0','0','0','0','0','0','0','0','0','0','0','0','0','0','0']

reports.append(Report(577011712, ("DT", -2, 1, 9), "MBwhAst1sec09"))
reports[-1].posNum = 2665
reports[-1].negNum = 0
reports[-1].fittype = "6DOF"
reports[-1].add_parameters(ValErr(-0.00500619, 0.0132214, 0), \
                           ValErr(-0.010325, 0.112994, 0), \
                           ValErr(0.0206262, 0.091313, 0), \
                           ValErr(0.000375838, 0.000267528, 0), \
                           ValErr(4.49558e-05, 0.000159244, 0), \
                           ValErr(-1.85531e-05, 0.000132386, 0), \
                           6097.54, 2665, 2665, -nan)
reports[-1].sigmax = ValErr(0.548226, 0.00751023, 0)
reports[-1].sigmay = ValErr(0.979007, 0.0134132, 0)
reports[-1].sigmadxdz = ValErr(0.00267842, 3.67002e-05, 0)
reports[-1].sigmadydz = ValErr(0, 0, 0)
reports[-1].add_stats(-0.0154754, 0.0104719, -1.67514e-05, -0.00212674, -0.00402442, 0.0114746, -1.29147e-05, -0.000645385, -0.00402442, 0.0114746, -1.29147e-05, -0.000645385, -0.0104221, 0.00905836, 2.20876e-05, -0.00115835, -0.0104221, 0.00905836, 2.20876e-05, -0.00115835, 0.548252, 0.979739, 0.00267759, 0.0297117, 0.548252, 0.979739, 0.00267759, 0.0297117)
reports[-1].CovMatrix = ['0.000174806','0.000839069','-0.000689567','7.43378e-07','3.3517e-07','-2.23857e-07','-8.5575e-07','8.51794e-07','2.40166e-09','0','0','0','0.000839069','0.0127676','-0.010169','1.10512e-05','-3.07553e-07','1.14222e-06','-1.27767e-05','9.49652e-06','4.074e-08','0','0','0','-0.000689567','-0.010169','0.00833807','-8.59681e-06','1.4639e-07','-8.10522e-07','1.0448e-05','-8.21892e-06','-3.16038e-08','0','0','0','7.43378e-07','1.10512e-05','-8.59681e-06','7.15711e-08','2.86335e-09','3.64234e-09','-1.68857e-08','-5.9171e-08','2.59389e-10','0','0','0','3.3517e-07','-3.07553e-07','1.4639e-07','2.86335e-09','2.53586e-08','-1.96975e-08','-3.29332e-09','1.12906e-08','-1.29463e-11','0','0','0','-2.23857e-07','1.14222e-06','-8.10522e-07','3.64234e-09','-1.96975e-08','1.7526e-08','1.538e-09','-1.42522e-08','3.23656e-11','0','0','0','-8.5575e-07','-1.27767e-05','1.0448e-05','-1.68857e-08','-3.29332e-09','1.538e-09','5.64038e-05','-5.64732e-09','-5.86168e-11','0','0','0','8.51794e-07','9.49652e-06','-8.21892e-06','-5.9171e-08','1.12906e-08','-1.42522e-08','-5.64732e-09','0.000179916','-2.27308e-10','0','0','0','2.40166e-09','4.074e-08','-3.16038e-08','2.59389e-10','-1.29463e-11','3.23656e-11','-5.86168e-11','-2.27308e-10','1.34691e-09','0','0','0','0','0','0','0','0','0','0','0','0','0','0','0','0','0','0','0','0','0','0','0','0','0','0','0','0','0','0','0','0','0','0','0','0','0','0','0']

reports.append(Report(577273856, ("DT", -2, 1, 10), "MBwhAst1sec10"))
reports[-1].posNum = 2798
reports[-1].negNum = 0
reports[-1].fittype = "6DOF"
reports[-1].add_parameters(ValErr(-0.0214, 0.0123615, 0), \
                           ValErr(-0.0332173, 0.106916, 0), \
                           ValErr(0.0658131, 0.0862888, 0), \
                           ValErr(2.4313e-05, 0.00025126, 0), \
                           ValErr(-0.00019848, 0.00015013, 0), \
                           ValErr(0.000234405, 0.000124545, 0), \
                           6654.74, 2798, 2798, -nan)
reports[-1].sigmax = ValErr(0.530097, 0.00708809, 0)
reports[-1].sigmay = ValErr(0.952747, 0.0127446, 0)
reports[-1].sigmadxdz = ValErr(0.00260039, 3.47899e-05, 0)
reports[-1].sigmadydz = ValErr(0, 0, 0)
reports[-1].add_stats(-0.00973371, 0.0900557, 9.07936e-05, -0.00255878, -0.0127555, 0.0444133, 8.21011e-05, -0.00110084, -0.0127555, 0.0444133, 8.21011e-05, -0.00110084, -0.0165647, 0.0326405, 8.7532e-05, -0.00143679, -0.0165647, 0.0326405, 8.7532e-05, -0.00143679, 0.530308, 0.952803, 0.00260086, 0.0287784, 0.530308, 0.952803, 0.00260086, 0.0287784)
reports[-1].CovMatrix = ['0.000152806','0.000732758','-0.000601918','6.64393e-07','2.64253e-07','-1.69825e-07','1.07489e-06','-4.88662e-07','-3.44307e-09','0','0','0','0.000732758','0.0114311','-0.00909195','1.00123e-05','-4.49775e-07','1.16264e-06','1.65654e-05','-7.79028e-06','-5.61049e-08','0','0','0','-0.000601918','-0.00909195','0.00744576','-7.87219e-06','2.27118e-07','-8.09842e-07','-1.34994e-05','7.13767e-06','4.39939e-08','0','0','0','6.64393e-07','1.00123e-05','-7.87219e-06','6.31317e-08','2.0629e-09','3.4703e-09','1.89168e-08','9.88902e-08','-3.49293e-10','0','0','0','2.64253e-07','-4.49775e-07','2.27118e-07','2.0629e-09','2.2539e-08','-1.74751e-08','-5.61431e-09','7.3358e-09','9.01374e-12','0','0','0','-1.69825e-07','1.16264e-06','-8.09842e-07','3.4703e-09','-1.74751e-08','1.55115e-08','6.39423e-09','2.15489e-09','-3.63554e-11','0','0','0','1.07489e-06','1.65654e-05','-1.34994e-05','1.89168e-08','-5.61431e-09','6.39423e-09','5.02412e-05','-4.58122e-09','-1.10685e-10','0','0','0','-4.88662e-07','-7.79028e-06','7.13767e-06','9.88902e-08','7.3358e-09','2.15489e-09','-4.58122e-09','0.000162426','-5.43354e-10','0','0','0','-3.44307e-09','-5.61049e-08','4.39939e-08','-3.49293e-10','9.01374e-12','-3.63554e-11','-1.10685e-10','-5.43354e-10','1.21034e-09','0','0','0','0','0','0','0','0','0','0','0','0','0','0','0','0','0','0','0','0','0','0','0','0','0','0','0','0','0','0','0','0','0','0','0','0','0','0','0']

reports.append(Report(577536000, ("DT", -2, 1, 11), "MBwhAst1sec11"))
reports[-1].posNum = 2828
reports[-1].negNum = 0
reports[-1].fittype = "6DOF"
reports[-1].add_parameters(ValErr(-0.0100448, 0.0127824, 0), \
                           ValErr(-0.111166, 0.111019, 0), \
                           ValErr(0.0744436, 0.0896055, 0), \
                           ValErr(-8.46857e-06, 0.000260321, 0), \
                           ValErr(-0.00011034, 0.000156112, 0), \
                           ValErr(0.000105907, 0.000129208, 0), \
                           6388.49, 2828, 2828, -nan)
reports[-1].sigmax = ValErr(0.556628, 0.00740225, 0)
reports[-1].sigmay = ValErr(0.985529, 0.0131058, 0)
reports[-1].sigmadxdz = ValErr(0.0026976, 3.58751e-05, 0)
reports[-1].sigmadydz = ValErr(0, 0, 0)
reports[-1].add_stats(0.00325588, -0.0382428, 2.04177e-05, -0.00310812, -0.00255765, -0.0219497, 1.39589e-05, -0.00141385, -0.00255765, -0.0219497, 1.39589e-05, -0.00141385, -0.0103398, -0.00984759, 4.74682e-05, -0.00143109, -0.0103398, -0.00984759, 4.74682e-05, -0.00143109, 0.556837, 0.985455, 0.00269749, 0.0288689, 0.556837, 0.985455, 0.00269749, 0.0288689)
reports[-1].CovMatrix = ['0.000163389','0.000769743','-0.000632519','6.84449e-07','2.90723e-07','-1.92353e-07','8.02356e-07','-5.54435e-07','-1.86769e-09','0','0','0','0.000769743','0.0123253','-0.00980612','1.05656e-05','-4.30737e-07','1.1627e-06','9.10393e-06','-5.55536e-06','-2.49418e-08','0','0','0','-0.000632519','-0.00980612','0.00802915','-8.29559e-06','1.81519e-07','-7.83286e-07','-7.49542e-06','5.05244e-06','1.97008e-08','0','0','0','6.84449e-07','1.05656e-05','-8.29559e-06','6.77671e-08','2.90228e-09','3.03447e-09','1.61329e-08','3.6188e-08','-1.63441e-10','0','0','0','2.90723e-07','-4.30737e-07','1.81519e-07','2.90228e-09','2.4371e-08','-1.88778e-08','1.14145e-08','-1.15718e-08','-2.20695e-11','0','0','0','-1.92353e-07','1.1627e-06','-7.83286e-07','3.03447e-09','-1.88778e-08','1.66947e-08','-8.74954e-09','1.2348e-08','9.49112e-12','0','0','0','8.02356e-07','9.10393e-06','-7.49542e-06','1.61329e-08','1.14145e-08','-8.74954e-09','5.47935e-05','-5.49846e-09','-4.87843e-11','0','0','0','-5.54435e-07','-5.55536e-06','5.05244e-06','3.6188e-08','-1.15718e-08','1.2348e-08','-5.49846e-09','0.000171763','-7.77944e-11','0','0','0','-1.86769e-09','-2.49418e-08','1.97008e-08','-1.63441e-10','-2.20695e-11','9.49112e-12','-4.87843e-11','-7.77944e-11','1.28703e-09','0','0','0','0','0','0','0','0','0','0','0','0','0','0','0','0','0','0','0','0','0','0','0','0','0','0','0','0','0','0','0','0','0','0','0','0','0','0','0']

reports.append(Report(577798144, ("DT", -2, 1, 12), "MBwhAst1sec12"))
reports[-1].posNum = 2820
reports[-1].negNum = 0
reports[-1].fittype = "6DOF"
reports[-1].add_parameters(ValErr(-0.0155746, 0.0126596, 0), \
                           ValErr(-0.0761641, 0.109988, 0), \
                           ValErr(0.0864814, 0.0887883, 0), \
                           ValErr(-6.97632e-05, 0.000260286, 0), \
                           ValErr(-0.000146488, 0.000156544, 0), \
                           ValErr(0.000209726, 0.000129926, 0), \
                           6434.73, 2820, 2820, -nan)
reports[-1].sigmax = ValErr(0.54473, 0.00725352, 0)
reports[-1].sigmay = ValErr(1.0114, 0.0134675, 0)
reports[-1].sigmadxdz = ValErr(0.00262544, 3.49603e-05, 0)
reports[-1].sigmadydz = ValErr(0, 0, 0)
reports[-1].add_stats(-0.00285929, 0.0272903, 0.000128088, -0.00413163, -0.00551834, 0.0274249, 0.000110102, -0.00205109, -0.00551834, 0.0274249, 0.000110102, -0.00205109, -0.00510657, 0.0197636, 0.000116361, -0.00224509, -0.00510657, 0.0197636, 0.000116361, -0.00224509, 0.544903, 1.01151, 0.0026258, 0.0290039, 0.544903, 1.01151, 0.0026258, 0.0290039)
reports[-1].CovMatrix = ['0.000160266','0.000766591','-0.00063069','6.55742e-07','3.12391e-07','-2.12521e-07','2.00849e-07','-1.4154e-07','-1.11765e-10','0','0','0','0.000766591','0.0120973','-0.00961549','1.00347e-05','-4.19252e-07','1.12753e-06','3.03432e-06','-1.04032e-06','-8.07848e-09','0','0','0','-0.00063069','-0.00961549','0.00788336','-7.80361e-06','1.87413e-07','-7.61805e-07','-2.42626e-06','1.11952e-06','6.11252e-09','0','0','0','6.55742e-07','1.00347e-05','-7.80361e-06','6.77485e-08','2.55414e-09','3.38714e-09','7.28642e-09','1.02186e-08','-4.79444e-11','0','0','0','3.12391e-07','-4.19252e-07','1.87413e-07','2.55414e-09','2.45062e-08','-1.90893e-08','-3.51056e-09','-3.68779e-09','2.80961e-11','0','0','0','-2.12521e-07','1.12753e-06','-7.61805e-07','3.38714e-09','-1.90893e-08','1.68809e-08','3.48258e-09','3.83517e-09','-2.59289e-11','0','0','0','2.00849e-07','3.03432e-06','-2.42626e-06','7.28642e-09','-3.51056e-09','3.48258e-09','5.26138e-05','1.22537e-09','-9.79284e-12','0','0','0','-1.4154e-07','-1.04032e-06','1.11952e-06','1.02186e-08','-3.68779e-09','3.83517e-09','1.22537e-09','0.000181375','-1.22205e-11','0','0','0','-1.11765e-10','-8.07848e-09','6.11252e-09','-4.79444e-11','2.80961e-11','-2.59289e-11','-9.79284e-12','-1.22205e-11','1.22222e-09','0','0','0','0','0','0','0','0','0','0','0','0','0','0','0','0','0','0','0','0','0','0','0','0','0','0','0','0','0','0','0','0','0','0','0','0','0','0','0']

reports.append(Report(579108864, ("DT", -2, 2, 1), "MBwhAst2sec01"))
reports[-1].posNum = 2983
reports[-1].negNum = 0
reports[-1].fittype = "6DOF"
reports[-1].add_parameters(ValErr(0.0371482, 0.0144374, 0), \
                           ValErr(0.040394, 0.116773, 0), \
                           ValErr(-0.0305112, 0.111072, 0), \
                           ValErr(0.000400785, 0.000317851, 0), \
                           ValErr(-0.00011026, 0.000153581, 0), \
                           ValErr(-2.97264e-05, 0.000147951, 0), \
                           5134.42, 2983, 2983, -nan)
reports[-1].sigmax = ValErr(0.755616, 0.0097836, 0)
reports[-1].sigmay = ValErr(1.19357, 0.0154558, 0)
reports[-1].sigmadxdz = ValErr(0.00280939, 3.6373e-05, 0)
reports[-1].sigmadydz = ValErr(0, 0, 0)
reports[-1].add_stats(0.0239802, 0.00858346, -0.000152823, -0.000403852, 0.0387359, 0.00944063, -0.000132974, -0.000660039, 0.0387359, 0.00944063, -0.000132974, -0.000660039, 0.027302, 0.0449249, -8.81531e-05, -0.000853693, 0.027302, 0.0449249, -8.81531e-05, -0.000853693, 0.75564, 1.19367, 0.00280965, 0.0234238, 0.75564, 1.19367, 0.00280965, 0.0234238)
reports[-1].CovMatrix = ['0.000208438','-0.00043763','0.00042528','-3.75562e-07','2.3784e-07','-2.13767e-07','4.68688e-07','-6.63699e-07','1.62535e-10','0','0','0','-0.00043763','0.0136359','-0.0127405','1.12097e-05','5.59566e-08','-4.11651e-07','-5.02609e-06','5.75043e-06','5.32868e-09','0','0','0','0.00042528','-0.0127405','0.0123369','-1.09306e-05','9.6919e-08','2.55371e-07','5.00257e-06','-5.65301e-06','-4.98331e-09','0','0','0','-3.75562e-07','1.12097e-05','-1.09306e-05','1.01029e-07','-3.18712e-09','-5.44156e-10','-5.77496e-09','-6.60773e-09','4.2347e-11','0','0','0','2.3784e-07','5.59566e-08','9.6919e-08','-3.18712e-09','2.35872e-08','-2.14061e-08','2.02626e-08','-4.56797e-08','3.31803e-11','0','0','0','-2.13767e-07','-4.11651e-07','2.55371e-07','-5.44156e-10','-2.14061e-08','2.18896e-08','-2.03221e-08','4.43318e-08','-2.87551e-11','0','0','0','4.68688e-07','-5.02609e-06','5.00257e-06','-5.77496e-09','2.02626e-08','-2.03221e-08','9.57193e-05','-4.37657e-08','2.4522e-11','0','0','0','-6.63699e-07','5.75043e-06','-5.65301e-06','-6.60773e-09','-4.56797e-08','4.43318e-08','-4.37657e-08','0.000238884','-6.7132e-11','0','0','0','1.62535e-10','5.32868e-09','-4.98331e-09','4.2347e-11','3.31803e-11','-2.87551e-11','2.4522e-11','-6.7132e-11','1.323e-09','0','0','0','0','0','0','0','0','0','0','0','0','0','0','0','0','0','0','0','0','0','0','0','0','0','0','0','0','0','0','0','0','0','0','0','0','0','0','0']

reports.append(Report(579371008, ("DT", -2, 2, 2), "MBwhAst2sec02"))
reports[-1].posNum = 2961
reports[-1].negNum = 0
reports[-1].fittype = "6DOF"
reports[-1].add_parameters(ValErr(-0.0234763, 0.0142833, 0), \
                           ValErr(0.176688, 0.114533, 0), \
                           ValErr(-0.136688, 0.108921, 0), \
                           ValErr(-0.000315922, 0.000310176, 0), \
                           ValErr(0.000179266, 0.000150018, 0), \
                           ValErr(-0.00010387, 0.000144556, 0), \
                           5299.27, 2961, 2961, -nan)
reports[-1].sigmax = ValErr(0.740629, 0.009626, 0)
reports[-1].sigmay = ValErr(1.16663, 0.015167, 0)
reports[-1].sigmadxdz = ValErr(0.00273845, 3.55887e-05, 0)
reports[-1].sigmadydz = ValErr(0, 0, 0)
reports[-1].add_stats(-0.0216131, 0.0340725, 5.34011e-05, -0.00164337, -0.0198543, 0.0345108, 5.08291e-05, -0.00218239, -0.0198543, 0.0345108, 5.08291e-05, -0.00218239, -0.0166027, 0.0511206, 5.82798e-05, -0.00218824, -0.0166027, 0.0511206, 5.82798e-05, -0.00218824, 0.740763, 1.16732, 0.00273863, 0.0234358, 0.740763, 1.16732, 0.00273863, 0.0234358)
reports[-1].CovMatrix = ['0.000204013','-0.000456669','0.000442951','-3.93015e-07','2.23263e-07','-1.97688e-07','4.93183e-07','7.65633e-07','3.07729e-10','0','0','0','-0.000456669','0.0131177','-0.0122543','1.07338e-05','5.0049e-08','-4.24571e-07','-3.9968e-06','-2.58094e-06','8.83099e-09','0','0','0','0.000442951','-0.0122543','0.0118638','-1.04805e-05','3.69589e-08','3.3188e-07','3.96335e-06','2.51327e-06','-8.38442e-09','0','0','0','-3.93015e-07','1.07338e-05','-1.04805e-05','9.62093e-08','-2.85616e-09','-9.6685e-10','1.33392e-09','2.95859e-08','6.93619e-11','0','0','0','2.23263e-07','5.0049e-08','3.69589e-08','-2.85616e-09','2.25055e-08','-2.04165e-08','2.5071e-08','6.57363e-08','6.22322e-11','0','0','0','-1.97688e-07','-4.24571e-07','3.3188e-07','-9.6685e-10','-2.04165e-08','2.08965e-08','-2.5853e-08','-6.44163e-08','-5.52756e-11','0','0','0','4.93183e-07','-3.9968e-06','3.96335e-06','1.33392e-09','2.5071e-08','-2.5853e-08','9.26602e-05','8.21067e-08','6.76575e-11','0','0','0','7.65633e-07','-2.58094e-06','2.51327e-06','2.95859e-08','6.57363e-08','-6.44163e-08','8.21067e-08','0.000230041','2.06258e-10','0','0','0','3.07729e-10','8.83099e-09','-8.38442e-09','6.93619e-11','6.22322e-11','-5.52756e-11','6.76575e-11','2.06258e-10','1.26655e-09','0','0','0','0','0','0','0','0','0','0','0','0','0','0','0','0','0','0','0','0','0','0','0','0','0','0','0','0','0','0','0','0','0','0','0','0','0','0','0']

reports.append(Report(579633152, ("DT", -2, 2, 3), "MBwhAst2sec03"))
reports[-1].posNum = 2860
reports[-1].negNum = 0
reports[-1].fittype = "6DOF"
reports[-1].add_parameters(ValErr(-0.00929757, 0.0143821, 0), \
                           ValErr(-0.121254, 0.11695, 0), \
                           ValErr(0.101892, 0.111171, 0), \
                           ValErr(-0.000229653, 0.000325875, 0), \
                           ValErr(3.45795e-05, 0.000156688, 0), \
                           ValErr(4.60739e-06, 0.000151084, 0), \
                           5006.63, 2860, 2860, -nan)
reports[-1].sigmax = ValErr(0.734678, 0.00967215, 0)
reports[-1].sigmay = ValErr(1.19846, 0.0157874, 0)
reports[-1].sigmadxdz = ValErr(0.0027945, 3.69755e-05, 0)
reports[-1].sigmadydz = ValErr(0, 0, 0)
reports[-1].add_stats(-0.0112384, -0.0205419, 8.98176e-05, 0.000713658, -0.0131174, -0.0161616, 3.53938e-05, -0.000656401, -0.0131174, -0.0161616, 3.53938e-05, -0.000656401, -0.00630251, 0.00205605, 4.39546e-05, -0.000631343, -0.00630251, 0.00205605, 4.39546e-05, -0.000631343, 0.734659, 1.1984, 0.00279519, 0.0234246, 0.734659, 1.1984, 0.00279519, 0.0234246)
