nan = None;  NAN = None
nan = 0
reports = []
class ValErr:
    def __init__(self, value, error, antisym):
        self.value, self.error, self.antisym = value, error, antisym

    def __repr__(self):
        if self.antisym == 0.:
            return "%g +- %g" % (self.value, self.error)
        else:
            return "%g +- %g ~ %g" % (self.value, self.error, self.antisym)

class Report:
    def __init__(self, chamberId, postal_address, name):
        self.chamberId, self.postal_address, self.name = chamberId, postal_address, name
        self.status = "NOFIT"
        self.fittype = None
        self.CovMatrix = None

    def add_parameters(self, deltax, deltay, deltaz, deltaphix, deltaphiy, deltaphiz, loglikelihood, numsegments, sumofweights, redchi2):
        self.status = "PASS"
        self.deltax, self.deltay, self.deltaz, self.deltaphix, self.deltaphiy, self.deltaphiz = deltax, deltay, deltaz, deltaphix, deltaphiy, deltaphiz
        self.loglikelihood, self.numsegments, self.sumofweights, self.redchi2 = loglikelihood, numsegments, sumofweights, redchi2

    def add_stats(self, median_x, median_y, median_dxdz, median_dydz, mean30_x, mean30_y, mean20_dxdz, mean50_dydz, mean15_x, mean15_y, mean10_dxdz, mean25_dydz, wmean30_x, wmean30_y, wmean20_dxdz, wmean50_dydz, wmean15_x, wmean15_y, wmean10_dxdz, wmean25_dydz, stdev30_x, stdev30_y, stdev20_dxdz, stdev50_dydz, stdev15_x, stdev15_y, stdev10_dxdz, stdev25_dydz):
        self.median_x, self.median_y, self.median_dxdz, self.median_dydz, self.mean30_x, self.mean30_y, self.mean20_dxdz, self.mean50_dydz, self.mean15_x, self.mean15_y, self.mean10_dxdz, self.mean25_dydz, self.wmean30_x, self.wmean30_y, self.wmean20_dxdz, self.wmean50_dydz, self.wmean15_x, self.wmean15_y, self.wmean10_dxdz, self.wmean25_dydz, self.stdev30_x, self.stdev30_y, self.stdev20_dxdz, self.stdev50_dydz, self.stdev15_x, self.stdev15_y, self.stdev10_dxdz, self.stdev25_dydz = median_x, median_y, median_dxdz, median_dydz, mean30_x, mean30_y, mean20_dxdz, mean50_dydz, mean15_x, mean15_y, mean10_dxdz, mean25_dydz, wmean30_x, wmean30_y, wmean20_dxdz, wmean50_dydz, wmean15_x, wmean15_y, wmean10_dxdz, wmean25_dydz, stdev30_x, stdev30_y, stdev20_dxdz, stdev50_dydz, stdev15_x, stdev15_y, stdev10_dxdz, stdev25_dydz

    def __repr__(self):
        return "<Report %s %s %s>" % (self.postal_address[0], " ".join(map(str, self.postal_address[1:])), self.status)

reports.append(Report(574914560, ("DT", -2, 1, 1), "MBwhAst1sec01"))
reports[-1].posNum = 71
reports[-1].negNum = 0
reports[-1].fittype = "6DOF"
reports[-1].add_parameters(ValErr(0.110485, 0.0696218, 0), \
                           ValErr(0.0367373, 0.58577, 0), \
                           ValErr(-0.027273, 0.467792, 0), \
                           ValErr(-7.27871e-05, 0.00145283, 0), \
                           ValErr(-0.00128195, 0.000887481, 0), \
                           ValErr(0.000488401, 0.000721054, 0), \
                           176.197, 71, 71, -nan)
reports[-1].sigmax = ValErr(0.474088, 0.0398241, 0)
reports[-1].sigmay = ValErr(1.02774, 0.0865373, 0)
reports[-1].sigmadxdz = ValErr(0.00243099, 0.000204378, 0)
reports[-1].sigmadydz = ValErr(0, 0, 0)
reports[-1].add_stats(0.0551693, -0.0969829, -0.000601282, -0.00733588, 0.11829, 0.00219527, -0.000670643, -0.00419095, 0.11829, 0.00219527, -0.000670643, -0.00419095, 0.0636621, 0.0434357, -0.000464671, -0.00479659, 0.0636621, 0.0434357, -0.000464671, -0.00479659, 0.474572, 1.03854, 0.00242751, 0.0327766, 0.474572, 1.03854, 0.00242751, 0.0327766)
reports[-1].CovMatrix = ['0.0048472','0.0228281','-0.0186483','1.8391e-05','8.69874e-06','-5.65917e-06','6.01028e-05','-4.44637e-05','-1.87242e-07','0','0','0','0.0228281','0.343126','-0.268007','0.000259779','3.71906e-06','1.76333e-05','0.000931686','-0.00129932','-1.58773e-06','0','0','0','-0.0186483','-0.268007','0.21883','-0.000208246','-3.67909e-06','-1.35315e-05','-0.000761298','0.0010765','1.27889e-06','0','0','0','1.8391e-05','0.000259779','-0.000208246','2.11071e-06','1.45587e-07','6.45401e-08','9.72574e-08','5.87802e-06','-1.39592e-08','0','0','0','8.69874e-06','3.71906e-06','-3.67909e-06','1.45587e-07','7.87622e-07','-5.97293e-07','-5.62343e-07','4.6077e-06','-7.93968e-09','0','0','0','-5.65917e-06','1.76333e-05','-1.35315e-05','6.45401e-08','-5.97293e-07','5.19918e-07','5.21032e-07','-3.17618e-06','4.85547e-09','0','0','0','6.01028e-05','0.000931686','-0.000761298','9.72574e-08','-5.62343e-07','5.21032e-07','0.00158615','-8.98321e-06','4.28894e-09','0','0','0','-4.44637e-05','-0.00129932','0.0010765','5.87802e-06','4.6077e-06','-3.17618e-06','-8.98321e-06','0.00749073','-7.63466e-08','0','0','0','-1.87242e-07','-1.58773e-06','1.27889e-06','-1.39592e-08','-7.93968e-09','4.85547e-09','4.28894e-09','-7.63466e-08','4.17729e-08','0','0','0','0','0','0','0','0','0','0','0','0','0','0','0','0','0','0','0','0','0','0','0','0','0','0','0','0','0','0','0','0','0','0','0','0','0','0','0']

reports.append(Report(575176704, ("DT", -2, 1, 2), "MBwhAst1sec02"))
reports[-1].posNum = 73
reports[-1].negNum = 0
reports[-1].fittype = "6DOF"
reports[-1].add_parameters(ValErr(0.147558, 0.0639852, 0), \
                           ValErr(-0.143371, 0.102449, 0), \
                           ValErr(-0.102962, 0.085435, 0), \
                           ValErr(-0.00175057, 0.00147325, 0), \
                           ValErr(0.00180872, 0.00100858, 0), \
                           ValErr(-0.00198718, 0.000852452, 0), \
                           171.158, 73, 73, -nan)
reports[-1].sigmax = ValErr(0.555211, 0.0447935, 0)
reports[-1].sigmay = ValErr(1.05738, 0.079621, 0)
reports[-1].sigmadxdz = ValErr(0.00231452, 0.000173214, 0)
reports[-1].sigmadydz = ValErr(0, 0, 0)
reports[-1].add_stats(0.0935064, -0.194641, -4.60692e-05, -0.00137331, 0.0868009, -0.222051, -0.000365184, 0.000548773, 0.0868009, -0.222051, -0.000365184, 0.000548773, 0.0705369, -0.190205, -0.000185953, 0.00105713, 0.0705369, -0.190205, -0.000185953, 0.00105713, 0.553261, 1.10633, 0.00230693, 0.0251533, 0.553261, 1.10633, 0.00230693, 0.0251533)
reports[-1].CovMatrix = ['0.00409411','-0.000160716','-6.25104e-06','2.24471e-06','2.38426e-05','-1.99437e-05','9.50643e-06','-0.000406988','2.06016e-07','0','0','0','-0.000160716','0.0104957','-0.0019101','2.09375e-05','-3.45488e-06','3.69824e-06','0.00014427','0.000136629','-5.34902e-07','0','0','0','-6.25104e-06','-0.0019101','0.00729914','2.6126e-05','1.54062e-06','7.21333e-07','6.00876e-05','0.000142608','-4.21076e-07','0','0','0','2.24471e-06','2.09375e-05','2.6126e-05','2.17047e-06','1.66137e-07','6.50053e-08','-8.15674e-07','3.17851e-06','-2.11e-08','0','0','0','2.38426e-05','-3.45488e-06','1.54062e-06','1.66137e-07','1.01723e-06','-8.19921e-07','3.04023e-06','-1.59885e-05','7.53184e-09','0','0','0','-1.99437e-05','3.69824e-06','7.21333e-07','6.50053e-08','-8.19921e-07','7.26674e-07','-2.90055e-06','1.37954e-05','-9.49388e-09','0','0','0','9.50643e-06','0.00014427','6.00876e-05','-8.15674e-07','3.04023e-06','-2.90055e-06','0.00200671','-3.60318e-05','-2.41788e-07','0','0','0','-0.000406988','0.000136629','0.000142608','3.17851e-06','-1.59885e-05','1.37954e-05','-3.60318e-05','0.00634093','2.853e-06','0','0','0','2.06016e-07','-5.34902e-07','-4.21076e-07','-2.11e-08','7.53184e-09','-9.49388e-09','-2.41788e-07','2.853e-06','3.00045e-08','0','0','0','0','0','0','0','0','0','0','0','0','0','0','0','0','0','0','0','0','0','0','0','0','0','0','0','0','0','0','0','0','0','0','0','0','0','0','0']

reports.append(Report(575438848, ("DT", -2, 1, 3), "MBwhAst1sec03"))
reports[-1].posNum = 88
reports[-1].negNum = 0
reports[-1].fittype = "6DOF"
reports[-1].add_parameters(ValErr(0.0622231, 0.0748179, 0), \
                           ValErr(0.262219, 0.630965, 0), \
                           ValErr(-0.293357, 0.50784, 0), \
                           ValErr(-0.000263078, 0.00149708, 0), \
                           ValErr(0.00112176, 0.000887848, 0), \
                           ValErr(-0.00111351, 0.000731644, 0), \
                           199.047, 88, 88, -nan)
reports[-1].sigmax = ValErr(0.556559, 0.0423401, 0)
reports[-1].sigmay = ValErr(0.935435, 0.0713524, 0)
reports[-1].sigmadxdz = ValErr(0.00283414, 0.000213878, 0)
reports[-1].sigmadydz = ValErr(0, 0, 0)
reports[-1].add_stats(0.0469303, -0.0350621, -0.000589297, 0.000666556, 0.0231581, -0.0951268, -0.000115695, -0.00186643, 0.0231581, -0.0951268, -0.000115695, -0.00186643, -0.0369075, -0.0737677, 4.00323e-05, -0.00250027, -0.0369075, -0.0737677, 4.00323e-05, -0.00250027, 0.568881, 0.927191, 0.00284393, 0.0248288, 0.568881, 0.927191, 0.00284393, 0.0248288)
reports[-1].CovMatrix = ['0.00559772','0.027806','-0.0226651','2.57236e-05','8.16331e-06','-4.6045e-06','-0.000103574','0.000151916','8.56044e-08','0','0','0','0.027806','0.398117','-0.316391','0.000359049','1.55579e-06','2.88381e-05','-0.000757757','0.000734281','1.77947e-06','0','0','0','-0.0226651','-0.316391','0.257901','-0.000286678','-9.91506e-07','-2.31807e-05','0.000618006','-0.000603623','-1.42333e-06','0','0','0','2.57236e-05','0.000359049','-0.000286678','2.24126e-06','1.23525e-07','9.98466e-08','-8.1603e-07','-1.82686e-06','1.0185e-08','0','0','0','8.16331e-06','1.55579e-06','-9.91506e-07','1.23525e-07','7.88274e-07','-6.02349e-07','-4.62857e-06','9.25986e-06','-4.43022e-09','0','0','0','-4.6045e-06','2.88381e-05','-2.31807e-05','9.98466e-08','-6.02349e-07','5.35303e-07','4.02054e-06','-7.72833e-06','2.97665e-09','0','0','0','-0.000103574','-0.000757757','0.000618006','-8.1603e-07','-4.62857e-06','4.02054e-06','0.00179289','-6.00337e-05','1.40534e-08','0','0','0','0.000151916','0.000734281','-0.000603623','-1.82686e-06','9.25986e-06','-7.72833e-06','-6.00337e-05','0.00509218','-5.9519e-08','0','0','0','8.56044e-08','1.77947e-06','-1.42333e-06','1.0185e-08','-4.43022e-09','2.97665e-09','1.40534e-08','-5.9519e-08','4.57461e-08','0','0','0','0','0','0','0','0','0','0','0','0','0','0','0','0','0','0','0','0','0','0','0','0','0','0','0','0','0','0','0','0','0','0','0','0','0','0','0']

reports.append(Report(575700992, ("DT", -2, 1, 4), "MBwhAst1sec04"))
reports[-1].posNum = 75
reports[-1].negNum = 0
reports[-1].fittype = "6DOF"
reports[-1].add_parameters(ValErr(-0.122044, 0.0669568, 0), \
                           ValErr(-0.190831, 0.570954, 0), \
                           ValErr(0.237218, 0.456467, 0), \
                           ValErr(8.39158e-05, 0.00154853, 0), \
                           ValErr(0.000602267, 0.000947853, 0), \
                           ValErr(6.98693e-05, 0.000773931, 0), \
                           178.581, 75, 75, -nan)
reports[-1].sigmax = ValErr(0.463952, 0.0378973, 0)
reports[-1].sigmay = ValErr(1.16897, 0.0957813, 0)
reports[-1].sigmadxdz = ValErr(0.00241489, 0.000197683, 0)
reports[-1].sigmadydz = ValErr(0, 0, 0)
reports[-1].add_stats(-0.114016, 0.219228, 0.000145913, 0.00254715, -0.104741, 0.097805, 0.000662557, 0.0017896, -0.104741, 0.097805, 0.000662557, 0.0017896, -0.106191, 0.0669528, 0.000736159, 0.000185554, -0.106191, 0.0669528, 0.000736159, 0.000185554, 0.46447, 1.17302, 0.00241604, 0.0278083, 0.46447, 1.17302, 0.00241604, 0.0278083)
reports[-1].CovMatrix = ['0.00448322','0.0207863','-0.0172153','1.2257e-05','1.51914e-05','-1.19511e-05','-3.25386e-05','-2.49055e-05','2.34405e-07','0','0','0','0.0207863','0.325988','-0.253123','0.000207621','3.11782e-05','-1.22692e-05','-0.000505028','0.00062603','1.45016e-06','0','0','0','-0.0172153','-0.253123','0.208362','-0.000153871','-3.09885e-05','1.59628e-05','0.000423132','-0.000538197','-1.16268e-06','0','0','0','1.2257e-05','0.000207621','-0.000153871','2.39794e-06','2.23557e-07','2.18333e-08','7.57743e-07','-9.04355e-06','1.52063e-08','0','0','0','1.51914e-05','3.11782e-05','-3.09885e-05','2.23557e-07','8.98425e-07','-6.91716e-07','7.54254e-08','-5.54589e-06','1.11795e-08','0','0','0','-1.19511e-05','-1.22692e-05','1.59628e-05','2.18333e-08','-6.91716e-07','5.98969e-07','-3.73036e-08','3.76454e-06','-7.59993e-09','0','0','0','-3.25386e-05','-0.000505028','0.000423132','7.57743e-07','7.54254e-08','-3.73036e-08','0.00143636','-5.91429e-06','4.87552e-09','0','0','0','-2.49055e-05','0.00062603','-0.000538197','-9.04355e-06','-5.54589e-06','3.76454e-06','-5.91429e-06','0.00917678','-1.09715e-07','0','0','0','2.34405e-07','1.45016e-06','-1.16268e-06','1.52063e-08','1.11795e-08','-7.59993e-09','4.87552e-09','-1.09715e-07','3.90808e-08','0','0','0','0','0','0','0','0','0','0','0','0','0','0','0','0','0','0','0','0','0','0','0','0','0','0','0','0','0','0','0','0','0','0','0','0','0','0','0']

reports.append(Report(575963136, ("DT", -2, 1, 5), "MBwhAst1sec05"))
reports[-1].posNum = 78
reports[-1].negNum = 0
reports[-1].fittype = "6DOF"
reports[-1].add_parameters(ValErr(-0.00351956, 0.0716346, 0), \
                           ValErr(-0.217795, 0.630989, 0), \
                           ValErr(0.191207, 0.507333, 0), \
                           ValErr(0.000726522, 0.00143767, 0), \
                           ValErr(-1.56953e-05, 0.000889111, 0), \
                           ValErr(0.000175497, 0.000731273, 0), \
                           204.515, 78, 78, -nan)
reports[-1].sigmax = ValErr(0.485906, 0.0389884, 0)
reports[-1].sigmay = ValErr(0.958752, 0.0770301, 0)
reports[-1].sigmadxdz = ValErr(0.0022096, 0.000177415, 0)
reports[-1].sigmadydz = ValErr(0, 0, 0)
reports[-1].add_stats(0.0469003, 0.102443, -7.40573e-05, -0.00347445, 0.0146553, 0.0117789, 0.000118548, -0.00547987, 0.0146553, 0.0117789, 0.000118548, -0.00547987, 0.0442531, 0.0269315, 4.31253e-05, -0.00491743, 0.0442531, 0.0269315, 4.31253e-05, -0.00491743, 0.487286, 0.955985, 0.00221839, 0.0303082, 0.487286, 0.955985, 0.00221839, 0.0303082)
reports[-1].CovMatrix = ['0.00513151','0.0279008','-0.0228085','2.1944e-05','7.00289e-06','-3.93674e-06','0.000115957','-0.000137007','-1.95569e-07','0','0','0','0.0279008','0.398147','-0.315324','0.000301108','-1.7425e-05','4.01228e-05','0.00161037','-0.00188563','-2.84769e-06','0','0','0','-0.0228085','-0.315324','0.257387','-0.000239217','1.10827e-05','-2.95891e-05','-0.00131399','0.00157278','2.25837e-06','0','0','0','2.1944e-05','0.000301108','-0.000239217','2.06689e-06','1.04778e-07','1.01244e-07','1.09993e-06','6.35888e-06','-1.92202e-08','0','0','0','7.00289e-06','-1.7425e-05','1.10827e-05','1.04778e-07','7.90518e-07','-6.14924e-07','-2.66277e-07','4.7427e-07','1.68013e-10','0','0','0','-3.93674e-06','4.01228e-05','-2.95891e-05','1.01244e-07','-6.14924e-07','5.34761e-07','3.11853e-07','1.92431e-07','-1.83469e-09','0','0','0','0.000115957','0.00161037','-0.00131399','1.09993e-06','-2.66277e-07','3.11853e-07','0.00152026','-8.523e-06','-1.06961e-08','0','0','0','-0.000137007','-0.00188563','0.00157278','6.35888e-06','4.7427e-07','1.92431e-07','-8.523e-06','0.00593498','-5.89106e-08','0','0','0','-1.95569e-07','-2.84769e-06','2.25837e-06','-1.92202e-08','1.68013e-10','-1.83469e-09','-1.06961e-08','-5.89106e-08','3.14777e-08','0','0','0','0','0','0','0','0','0','0','0','0','0','0','0','0','0','0','0','0','0','0','0','0','0','0','0','0','0','0','0','0','0','0','0','0','0','0','0']

reports.append(Report(576225280, ("DT", -2, 1, 6), "MBwhAst1sec06"))
reports[-1].posNum = 66
reports[-1].negNum = 0
reports[-1].fittype = "6DOF"
reports[-1].add_parameters(ValErr(0.0303083, 0.0709886, 0), \
                           ValErr(-0.819901, 0.691877, 0), \
                           ValErr(0.449475, 0.555002, 0), \
                           ValErr(-0.000698843, 0.00203073, 0), \
                           ValErr(-0.00196655, 0.00116924, 0), \
                           ValErr(0.00138033, 0.000972453, 0), \
                           146.611, 66, 66, -nan)
reports[-1].sigmax = ValErr(0.482889, 0.0421449, 0)
reports[-1].sigmay = ValErr(1.12912, 0.0992484, 0)
reports[-1].sigmadxdz = ValErr(0.00281813, 0.000245896, 0)
reports[-1].sigmadydz = ValErr(0, 0, 0)
reports[-1].add_stats(0.116294, -0.223215, -0.000299415, 0.00180283, 0.0854548, -0.309885, -0.000312761, 0.00174912, 0.0854548, -0.309885, -0.000312761, 0.00174912, 0.0485951, -0.282085, -0.000217797, 0.00167486, 0.0485951, -0.282085, -0.000217797, 0.00167486, 0.494742, 1.11723, 0.00284532, 0.0221335, 0.494742, 1.11723, 0.00284532, 0.0221335)
reports[-1].CovMatrix = ['0.00503938','0.0233012','-0.0194302','1.6243e-05','1.63741e-05','-1.28217e-05','7.96154e-05','-0.000264194','2.10551e-07','0','0','0','0.0233012','0.478694','-0.375638','0.000311407','-8.03703e-05','8.68191e-05','0.000453993','-0.000330452','-1.69319e-06','0','0','0','-0.0194302','-0.375638','0.308027','-0.000214543','4.23281e-05','-4.92438e-05','-0.000444021','0.000615184','9.75843e-07','0','0','0','1.6243e-05','0.000311407','-0.000214543','4.12385e-06','5.63283e-08','2.19535e-07','-5.26153e-07','3.94588e-06','-6.09723e-09','0','0','0','1.63741e-05','-8.03703e-05','4.23281e-05','5.63283e-08','1.36713e-06','-1.07808e-06','3.32175e-06','-1.5742e-05','1.99605e-08','0','0','0','-1.28217e-05','8.68191e-05','-4.92438e-05','2.19535e-07','-1.07808e-06','9.45664e-07','-2.88006e-06','1.31555e-05','-1.59773e-08','0','0','0','7.96154e-05','0.000453993','-0.000444021','-5.26153e-07','3.32175e-06','-2.88006e-06','0.00177642','-4.29246e-05','4.90394e-08','0','0','0','-0.000264194','-0.000330452','0.000615184','3.94588e-06','-1.5742e-05','1.31555e-05','-4.29246e-05','0.00985349','-2.36377e-07','0','0','0','2.10551e-07','-1.69319e-06','9.75843e-07','-6.09723e-09','1.99605e-08','-1.59773e-08','4.90394e-08','-2.36377e-07','6.04693e-08','0','0','0','0','0','0','0','0','0','0','0','0','0','0','0','0','0','0','0','0','0','0','0','0','0','0','0','0','0','0','0','0','0','0','0','0','0','0','0']

reports.append(Report(576487424, ("DT", -2, 1, 7), "MBwhAst1sec07"))
reports[-1].posNum = 74
reports[-1].negNum = 0
reports[-1].fittype = "6DOF"
reports[-1].add_parameters(ValErr(0.181109, 0.0699838, 0), \
                           ValErr(0.223174, 0.61614, 0), \
                           ValErr(-0.156925, 0.497967, 0), \
                           ValErr(-0.00164757, 0.0014778, 0), \
                           ValErr(-0.0011922, 0.000855937, 0), \
                           ValErr(0.000197381, 0.000708439, 0), \
                           196.57, 74, 74, -nan)
reports[-1].sigmax = ValErr(0.477375, 0.0396018, 0)
reports[-1].sigmay = ValErr(0.850848, 0.0713461, 0)
reports[-1].sigmadxdz = ValErr(0.00244873, 0.000206187, 0)
reports[-1].sigmadydz = ValErr(0, 0, 0)
reports[-1].add_stats(0.167253, 0.222999, -0.00103739, -0.00727257, 0.176905, 0.0458893, -0.000822046, -0.00561278, 0.176905, 0.0458893, -0.000822046, -0.00561278, 0.186131, 0.148193, -0.00106939, -0.00696856, 0.186131, 0.148193, -0.00106939, -0.00696856, 0.477531, 0.873836, 0.00241566, 0.0280881, 0.477531, 0.873836, 0.00241566, 0.0280881)
reports[-1].CovMatrix = ['0.00489773','0.0246119','-0.0202247','2.33566e-05','1.08357e-05','-7.38319e-06','0.00022565','-0.000201577','-5.59432e-07','0','0','0','0.0246119','0.379628','-0.302725','0.000360155','-3.58358e-06','3.0982e-05','0.00316305','-0.0018235','-1.08291e-05','0','0','0','-0.0202247','-0.302725','0.247971','-0.000277938','-7.85097e-07','-2.08898e-05','-0.00258622','0.00168531','8.31118e-06','0','0','0','2.33566e-05','0.000360155','-0.000277938','2.18389e-06','9.96183e-08','9.97337e-08','3.98847e-06','1.5362e-05','-6.41439e-08','0','0','0','1.08357e-05','-3.58358e-06','-7.85097e-07','9.96183e-08','7.32628e-07','-5.64674e-07','8.41171e-07','-3.67057e-06','6.32415e-09','0','0','0','-7.38319e-06','3.0982e-05','-2.08898e-05','9.97337e-08','-5.64674e-07','5.01885e-07','-4.26003e-07','4.35161e-06','-1.03193e-08','0','0','0','0.00022565','0.00316305','-0.00258622','3.98847e-06','8.41171e-07','-4.26003e-07','0.00156848','-1.27485e-05','-1.08491e-07','0','0','0','-0.000201577','-0.0018235','0.00168531','1.5362e-05','-3.67057e-06','4.35161e-06','-1.27485e-05','0.00509137','-5.07442e-07','0','0','0','-5.59432e-07','-1.08291e-05','8.31118e-06','-6.41439e-08','6.32415e-09','-1.03193e-08','-1.08491e-07','-5.07442e-07','4.25156e-08','0','0','0','0','0','0','0','0','0','0','0','0','0','0','0','0','0','0','0','0','0','0','0','0','0','0','0','0','0','0','0','0','0','0','0','0','0','0','0']

reports.append(Report(576749568, ("DT", -2, 1, 8), "MBwhAst1sec08"))
reports[-1].posNum = 78
reports[-1].negNum = 0
reports[-1].fittype = "6DOF"
reports[-1].add_parameters(ValErr(-0.147974, 0.0849645, 0), \
                           ValErr(-1.27306, 0.729258, 0), \
                           ValErr(1.13024, 0.583577, 0), \
                           ValErr(0.0026072, 0.00166114, 0), \
                           ValErr(0.000753525, 0.00104171, 0), \
                           ValErr(-1.70633e-05, 0.00085959, 0), \
                           160.63, 78, 78, -nan)
reports[-1].sigmax = ValErr(0.588192, 0.0471161, 0)
reports[-1].sigmay = ValErr(1.14972, 0.0926946, 0)
reports[-1].sigmadxdz = ValErr(0.00267188, 0.000214468, 0)
reports[-1].sigmadydz = ValErr(0, 0, 0)
reports[-1].add_stats(-0.0541663, 0.176752, 0.000368766, -0.00346961, -0.0529661, 0.101893, 0.000447332, 0.000696054, -0.0529661, 0.101893, 0.000447332, 0.000696054, -0.0695604, -0.0722062, 0.000420826, 0.00114428, -0.0695604, -0.0722062, 0.000420826, 0.00114428, 0.602194, 1.16834, 0.00272249, 0.025532, 0.602194, 1.16834, 0.00272249, 0.025532)
reports[-1].CovMatrix = ['0.00721897','0.0372205','-0.0302794','2.93772e-05','8.87334e-06','-4.77914e-06','0.00016449','-5.50386e-06','-1.92415e-07','0','0','0','0.0372205','0.531818','-0.418742','0.000387919','-2.78747e-05','5.7704e-05','0.00231074','0.000275105','-3.95548e-06','0','0','0','-0.0302794','-0.418742','0.340562','-0.000308132','2.0965e-05','-4.4722e-05','-0.00187754','-8.23436e-05','3.19281e-06','0','0','0','2.93772e-05','0.000387919','-0.000308132','2.7594e-06','9.47855e-08','1.69819e-07','4.00931e-06','1.01709e-05','-3.54037e-08','0','0','0','8.87334e-06','-2.78747e-05','2.0965e-05','9.47855e-08','1.08516e-06','-8.45848e-07','4.06466e-07','-4.06012e-06','6.44859e-09','0','0','0','-4.77914e-06','5.7704e-05','-4.4722e-05','1.69819e-07','-8.45848e-07','7.38895e-07','-2.41805e-08','4.26496e-06','-8.12807e-09','0','0','0','0.00016449','0.00231074','-0.00187754','4.00931e-06','4.06466e-07','-2.41805e-08','0.00222022','4.01037e-05','-3.44508e-08','0','0','0','-5.50386e-06','0.000275105','-8.23436e-05','1.01709e-05','-4.06012e-06','4.26496e-06','4.01037e-05','0.00859472','-1.91096e-07','0','0','0','-1.92415e-07','-3.95548e-06','3.19281e-06','-3.54037e-08','6.44859e-09','-8.12807e-09','-3.44508e-08','-1.91096e-07','4.59993e-08','0','0','0','0','0','0','0','0','0','0','0','0','0','0','0','0','0','0','0','0','0','0','0','0','0','0','0','0','0','0','0','0','0','0','0','0','0','0','0']

reports.append(Report(577011712, ("DT", -2, 1, 9), "MBwhAst1sec09"))
reports[-1].posNum = 73
reports[-1].negNum = 0
reports[-1].fittype = "6DOF"
reports[-1].add_parameters(ValErr(-0.00225574, 0.0752932, 0), \
                           ValErr(-0.163717, 0.685559, 0), \
                           ValErr(0.223476, 0.550543, 0), \
                           ValErr(-0.000299828, 0.00161057, 0), \
                           ValErr(-0.000477521, 0.000965117, 0), \
                           ValErr(0.000214748, 0.000795977, 0), \
                           166.649, 73, 73, -nan)
reports[-1].sigmax = ValErr(0.548661, 0.0454208, 0)
reports[-1].sigmay = ValErr(1.00379, 0.0831149, 0)
reports[-1].sigmadxdz = ValErr(0.00262362, 0.000217467, 0)
reports[-1].sigmadydz = ValErr(0, 0, 0)
reports[-1].add_stats(0.0273499, 0.128803, -0.000235246, -0.00325339, 0.0169386, 0.103281, -0.000199351, -0.00118476, 0.0169386, 0.103281, -0.000199351, -0.00118476, 0.000865186, 0.182474, -0.000169463, 0.00238759, 0.000865186, 0.182474, -0.000169463, 0.00238759, 0.549473, 1.00325, 0.00262682, 0.0300861, 0.549473, 1.00325, 0.00262682, 0.0300861)
reports[-1].CovMatrix = ['0.00566907','0.0256551','-0.0210395','2.28496e-05','7.35334e-06','-4.48399e-06','1.69626e-05','-3.94436e-05','4.13173e-08','0','0','0','0.0256551','0.469991','-0.371726','0.000384621','-4.01489e-05','5.95963e-05','0.000444058','-0.000253472','-1.32177e-06','0','0','0','-0.0210395','-0.371726','0.303097','-0.000308344','1.99348e-05','-3.78338e-05','-0.00034835','0.000251989','9.10853e-07','0','0','0','2.28496e-05','0.000384621','-0.000308344','2.59393e-06','5.21579e-08','1.37965e-07','1.89947e-07','1.73365e-06','-4.9681e-09','0','0','0','7.35334e-06','-4.01489e-05','1.99348e-05','5.21579e-08','9.31451e-07','-7.23036e-07','-9.74197e-07','-2.34221e-06','1.08163e-08','0','0','0','-4.48399e-06','5.95963e-05','-3.78338e-05','1.37965e-07','-7.23036e-07','6.33579e-07','9.02022e-07','2.02468e-06','-9.5639e-09','0','0','0','1.69626e-05','0.000444058','-0.00034835','1.89947e-07','-9.74197e-07','9.02022e-07','0.00206332','2.20713e-06','-1.35226e-08','0','0','0','-3.94436e-05','-0.000253472','0.000251989','1.73365e-06','-2.34221e-06','2.02468e-06','2.20713e-06','0.00690985','-3.223e-08','0','0','0','4.13173e-08','-1.32177e-06','9.10853e-07','-4.9681e-09','1.08163e-08','-9.5639e-09','-1.35226e-08','-3.223e-08','4.72949e-08','0','0','0','0','0','0','0','0','0','0','0','0','0','0','0','0','0','0','0','0','0','0','0','0','0','0','0','0','0','0','0','0','0','0','0','0','0','0','0']

reports.append(Report(577273856, ("DT", -2, 1, 10), "MBwhAst1sec10"))
reports[-1].posNum = 75
reports[-1].negNum = 0
reports[-1].fittype = "6DOF"
reports[-1].add_parameters(ValErr(-0.0634113, 0.0737506, 0), \
                           ValErr(0.222226, 0.654373, 0), \
                           ValErr(-0.118709, 0.526001, 0), \
                           ValErr(-0.000234576, 0.00163789, 0), \
                           ValErr(-0.00181173, 0.00096183, 0), \
                           ValErr(0.00167665, 0.000785989, 0), \
                           168.924, 75, 75, -nan)
reports[-1].sigmax = ValErr(0.528182, 0.0432178, 0)
reports[-1].sigmay = ValErr(0.997885, 0.0817155, 0)
reports[-1].sigmadxdz = ValErr(0.00282648, 0.000231313, 0)
reports[-1].sigmadydz = ValErr(0, 0, 0)
reports[-1].add_stats(-0.0321412, 0.187868, 0.000113713, -8.44398e-05, -0.0518149, 0.0567059, 0.000222776, 0.00354162, -0.0518149, 0.0567059, 0.000222776, 0.00354162, -0.0731959, 0.048066, 0.000431691, -0.00137654, -0.0731959, 0.048066, 0.000431691, -0.00137654, 0.529518, 1.01986, 0.00284001, 0.0248415, 0.529518, 1.01986, 0.00284001, 0.0248415)
reports[-1].CovMatrix = ['0.00543915','0.0258059','-0.0211629','2.28738e-05','9.6402e-06','-6.37851e-06','-8.27935e-05','7.98308e-05','2.36139e-07','0','0','0','0.0258059','0.428204','-0.338761','0.000369372','-6.12523e-06','3.09953e-05','-0.000942901','0.000602787','3.47643e-06','0','0','0','-0.0211629','-0.338761','0.276677','-0.000294104','-2.76812e-06','-1.83999e-05','0.000790844','-0.000544789','-2.78358e-06','0','0','0','2.28738e-05','0.000369372','-0.000294104','2.68267e-06','1.61178e-07','7.8248e-08','-9.75138e-07','-6.97844e-06','2.55125e-08','0','0','0','9.6402e-06','-6.12523e-06','-2.76812e-06','1.61178e-07','9.25117e-07','-7.03606e-07','-2.26254e-06','3.21485e-06','3.08956e-09','0','0','0','-6.37851e-06','3.09953e-05','-1.83999e-05','7.8248e-08','-7.03606e-07','6.17778e-07','1.86013e-06','-3.17816e-06','-9.32561e-10','0','0','0','-8.27935e-05','-0.000942901','0.000790844','-9.75138e-07','-2.26254e-06','1.86013e-06','0.00186801','-1.0653e-05','-1.43047e-08','0','0','0','7.98308e-05','0.000602787','-0.000544789','-6.97844e-06','3.21485e-06','-3.17816e-06','-1.0653e-05','0.00667908','-5.90462e-08','0','0','0','2.36139e-07','3.47643e-06','-2.78358e-06','2.55125e-08','3.08956e-09','-9.32561e-10','-1.43047e-08','-5.90462e-08','5.35092e-08','0','0','0','0','0','0','0','0','0','0','0','0','0','0','0','0','0','0','0','0','0','0','0','0','0','0','0','0','0','0','0','0','0','0','0','0','0','0','0']

reports.append(Report(577536000, ("DT", -2, 1, 11), "MBwhAst1sec11"))
reports[-1].posNum = 81
reports[-1].negNum = 0
reports[-1].fittype = "6DOF"
reports[-1].add_parameters(ValErr(-0.00752741, 0.0896423, 0), \
                           ValErr(-0.890318, 0.747211, 0), \
                           ValErr(0.819163, 0.60627, 0), \
                           ValErr(0.00119466, 0.00163144, 0), \
                           ValErr(0.00048227, 0.000909667, 0), \
                           ValErr(-0.000573882, 0.000773086, 0), \
                           177.361, 81, 81, -nan)
reports[-1].sigmax = ValErr(0.610757, 0.0482151, 0)
reports[-1].sigmay = ValErr(0.88336, 0.0697659, 0)
reports[-1].sigmadxdz = ValErr(0.00293992, 0.000232577, 0)
reports[-1].sigmadydz = ValErr(0, 0, 0)
reports[-1].add_stats(-0.00349975, 0.186685, -0.000236426, -0.00362444, 0.0604132, 0.0898865, -0.000358982, -0.00350008, 0.0604132, 0.0898865, -0.000358982, -0.00350008, 0.0687153, 0.0358388, -0.000525987, -0.00506573, 0.0687153, 0.0358388, -0.000525987, -0.00506573, 0.622576, 0.883884, 0.00296783, 0.0327606, 0.622576, 0.883884, 0.00296783, 0.0327606)
reports[-1].CovMatrix = ['0.00803574','0.0422055','-0.0345006','4.65781e-05','9.4525e-06','-3.6847e-06','0.000343027','-0.00013176','-9.10235e-07','0','0','0','0.0422055','0.558324','-0.449083','0.000608339','-1.45219e-05','6.94211e-05','0.00437076','-0.00131764','-1.39556e-05','0','0','0','-0.0345006','-0.449083','0.367563','-0.000484334','1.48504e-05','-5.80269e-05','-0.00356567','0.00123232','1.11747e-05','0','0','0','4.65781e-05','0.000608339','-0.000484334','2.66159e-06','-1.18133e-08','2.62711e-07','3.58134e-06','1.18831e-05','-6.1525e-08','0','0','0','9.4525e-06','-1.45219e-05','1.48504e-05','-1.18133e-08','8.27495e-07','-6.46416e-07','1.87495e-06','-3.94352e-06','6.09133e-09','0','0','0','-3.6847e-06','6.94211e-05','-5.80269e-05','2.62711e-07','-6.46416e-07','5.97662e-07','-1.29928e-06','4.39006e-06','-9.91218e-09','0','0','0','0.000343027','0.00437076','-0.00356567','3.58134e-06','1.87495e-06','-1.29928e-06','0.00232501','-8.86803e-05','-9.15972e-08','0','0','0','-0.00013176','-0.00131764','0.00123232','1.18831e-05','-3.94352e-06','4.39006e-06','-8.86803e-05','0.00486826','-2.59241e-07','0','0','0','-9.10235e-07','-1.39556e-05','1.11747e-05','-6.1525e-08','6.09133e-09','-9.91218e-09','-9.15972e-08','-2.59241e-07','5.40956e-08','0','0','0','0','0','0','0','0','0','0','0','0','0','0','0','0','0','0','0','0','0','0','0','0','0','0','0','0','0','0','0','0','0','0','0','0','0','0','0']

reports.append(Report(577798144, ("DT", -2, 1, 12), "MBwhAst1sec12"))
reports[-1].posNum = 87
reports[-1].negNum = 0
reports[-1].fittype = "6DOF"
reports[-1].add_parameters(ValErr(-0.159818, 0.0810581, 0), \
                           ValErr(-1.24253, 0.691388, 0), \
                           ValErr(0.973297, 0.56019, 0), \
                           ValErr(6.45334e-05, 0.00174447, 0), \
                           ValErr(-0.00216479, 0.000974803, 0), \
                           ValErr(0.00206612, 0.000810703, 0), \
                           185.186, 87, 87, -nan)
reports[-1].sigmax = ValErr(0.585992, 0.0455617, 0)
reports[-1].sigmay = ValErr(0.9499, 0.0754255, 0)
reports[-1].sigmadxdz = ValErr(0.00302867, 0.000240252, 0)
reports[-1].sigmadydz = ValErr(0, 0, 0)
reports[-1].add_stats(-0.0377182, 0.00738169, 0.000404822, -0.000239425, -0.0374886, -0.0740653, 0.000205862, 0.00130113, -0.0374886, -0.0740653, 0.000205862, 0.00130113, -0.0229175, -0.0886996, 0.000294307, 0.00209918, -0.0229175, -0.0886996, 0.000294307, 0.00209918, 0.625737, 0.924742, 0.00308289, 0.0273184, 0.625737, 0.924742, 0.00308289, 0.0273184)
reports[-1].CovMatrix = ['0.00657041','0.0334122','-0.0274013','3.20361e-05','1.65089e-05','-1.15628e-05','0.000493179','-0.000487293','-9.7079e-07','0','0','0','0.0334122','0.478018','-0.382922','0.000473723','3.06792e-05','1.17881e-05','0.00578558','-0.00351431','-1.84759e-05','0','0','0','-0.0274013','-0.382922','0.313813','-0.000361929','-2.50357e-05','-7.37909e-06','-0.00471552','0.0031753','1.40883e-05','0','0','0','3.20361e-05','0.000473723','-0.000361929','3.04318e-06','1.87938e-07','1.11934e-07','8.82705e-06','2.30657e-05','-1.18501e-07','0','0','0','1.65089e-05','3.06792e-05','-2.50357e-05','1.87938e-07','9.50241e-07','-7.33592e-07','5.34593e-06','-1.22642e-05','1.16147e-08','0','0','0','-1.15628e-05','1.17881e-05','-7.37909e-06','1.11934e-07','-7.33592e-07','6.5724e-07','-3.98447e-06','1.22284e-05','-1.84107e-08','0','0','0','0.000493179','0.00578558','-0.00471552','8.82705e-06','5.34593e-06','-3.98447e-06','0.00207613','-8.58082e-05','-2.53584e-07','0','0','0','-0.000487293','-0.00351431','0.0031753','2.30657e-05','-1.22642e-05','1.22284e-05','-8.58082e-05','0.00569026','-1.16683e-06','0','0','0','-9.7079e-07','-1.84759e-05','1.40883e-05','-1.18501e-07','1.16147e-08','-1.84107e-08','-2.53584e-07','-1.16683e-06','5.77248e-08','0','0','0','0','0','0','0','0','0','0','0','0','0','0','0','0','0','0','0','0','0','0','0','0','0','0','0','0','0','0','0','0','0','0','0','0','0','0','0']

reports.append(Report(579108864, ("DT", -2, 2, 1), "MBwhAst2sec01"))
reports[-1].posNum = 65
reports[-1].negNum = 0
reports[-1].fittype = "6DOF"
reports[-1].add_parameters(ValErr(-0.120156, 0.0856744, 0), \
                           ValErr(0.261432, 0.173256, 0), \
                           ValErr(0.178652, 0.154544, 0), \
                           ValErr(0.00211855, 0.002092, 0), \
                           ValErr(0.00229464, 0.000996837, 0), \
                           ValErr(-0.00152078, 0.000969116, 0), \
                           109.673, 65, 65, -nan)
reports[-1].sigmax = ValErr(0.778451, 0.0689276, 0)
reports[-1].sigmay = ValErr(1.1154, 0.0970016, 0)
reports[-1].sigmadxdz = ValErr(0.00301869, 0.000259199, 0)
reports[-1].sigmadydz = ValErr(0, 0, 0)
reports[-1].add_stats(-0.245273, 0.616651, 0.001989, 0.00213865, -0.158883, 0.46323, 0.000908147, 6.79251e-05, -0.158883, 0.46323, 0.000908147, 6.79251e-05, -0.0668898, 0.399485, 0.000508211, 0.000825949, -0.0668898, 0.399485, 0.000508211, 0.000825949, 0.7845, 1.14019, 0.0030446, 0.0236911, 0.7845, 1.14019, 0.0030446, 0.0236911)
reports[-1].CovMatrix = ['0.00734009','0.00637352','-0.00521013','-7.92244e-06','1.60086e-05','-8.40204e-06','-2.58513e-06','0.000492584','-1.33397e-06','0','0','0','0.00637352','0.0300175','-0.0179631','4.64005e-05','2.58274e-05','-2.19783e-05','-0.00234898','0.00239611','-1.85513e-06','0','0','0','-0.00521013','-0.0179631','0.023884','-3.00035e-05','-3.87795e-05','3.13125e-05','0.00235861','-0.00254895','2.35957e-06','0','0','0','-7.92244e-06','4.64005e-05','-3.00035e-05','4.37648e-06','-2.50548e-07','3.8548e-08','-5.8054e-06','7.24695e-06','-3.34756e-08','0','0','0','1.60086e-05','2.58274e-05','-3.87795e-05','-2.50548e-07','9.93684e-07','-9.09585e-07','-5.79055e-07','1.88138e-06','2.9892e-09','0','0','0','-8.40204e-06','-2.19783e-05','3.13125e-05','3.8548e-08','-9.09585e-07','9.39185e-07','2.60488e-06','-4.48994e-06','6.15665e-09','0','0','0','-2.58513e-06','-0.00234898','0.00235861','-5.8054e-06','-5.79055e-07','2.60488e-06','0.00475206','0.000154341','-1.19748e-07','0','0','0','0.000492584','0.00239611','-0.00254895','7.24695e-06','1.88138e-06','-4.48994e-06','0.000154341','0.00941229','5.30891e-07','0','0','0','-1.33397e-06','-1.85513e-06','2.35957e-06','-3.34756e-08','2.9892e-09','6.15665e-09','-1.19748e-07','5.30891e-07','6.71891e-08','0','0','0','0','0','0','0','0','0','0','0','0','0','0','0','0','0','0','0','0','0','0','0','0','0','0','0','0','0','0','0','0','0','0','0','0','0','0','0']

reports.append(Report(579371008, ("DT", -2, 2, 2), "MBwhAst2sec02"))
reports[-1].posNum = 81
reports[-1].negNum = 0
reports[-1].fittype = "6DOF"
reports[-1].add_parameters(ValErr(0.154408, 0.0822853, 0), \
                           ValErr(0.00645894, 0.591919, 0), \
                           ValErr(0.0432774, 0.56203, 0), \
                           ValErr(0.00065808, 0.00164759, 0), \
                           ValErr(-0.00158089, 0.000781949, 0), \
                           ValErr(0.000574873, 0.000764092, 0), \
                           174.674, 81, 81, -nan)
reports[-1].sigmax = ValErr(0.673845, 0.0531674, 0)
reports[-1].sigmay = ValErr(0.996467, 0.079136, 0)
reports[-1].sigmadxdz = ValErr(0.00244187, 0.000192711, 0)
reports[-1].sigmadydz = ValErr(0, 0, 0)
reports[-1].add_stats(0.221552, -0.0542419, -0.000763752, -0.00439688, 0.166961, 0.0356504, -0.000951884, -0.00174977, 0.166961, 0.0356504, -0.000951884, -0.00174977, 0.0886662, 0.0314221, -0.000836144, -0.00174266, 0.0886662, 0.0314221, -0.000836144, -0.00174266, 0.670168, 1.02316, 0.00242858, 0.0238225, 0.670168, 1.02316, 0.00242858, 0.0238225)
reports[-1].CovMatrix = ['0.00677088','-0.0193222','0.0185903','-1.63978e-05','5.00501e-06','-3.68764e-06','8.49902e-05','-3.33265e-05','-2.14476e-07','0','0','0','-0.0193222','0.350368','-0.326736','0.000240636','1.68228e-05','-3.07271e-05','-0.00191074','0.0020253','1.94509e-06','0','0','0','0.0185903','-0.326736','0.315877','-0.000235907','-2.48988e-05','3.82854e-05','0.001888','-0.00204773','-1.79388e-06','0','0','0','-1.63978e-05','0.000240636','-0.000235907','2.71456e-06','-1.23376e-08','-1.44897e-07','-1.74854e-06','-7.42971e-06','2.46798e-08','0','0','0','5.00501e-06','1.68228e-05','-2.48988e-05','-1.23376e-08','6.11444e-07','-5.58253e-07','-2.85625e-06','7.57476e-06','-8.19424e-09','0','0','0','-3.68764e-06','-3.07271e-05','3.82854e-05','-1.44897e-07','-5.58253e-07','5.83836e-07','2.94444e-06','-6.92929e-06','6.32425e-09','0','0','0','8.49902e-05','-0.00191074','0.001888','-1.74854e-06','-2.85625e-06','2.94444e-06','0.00282719','-4.49797e-05','2.28698e-08','0','0','0','-3.33265e-05','0.0020253','-0.00204773','-7.42971e-06','7.57476e-06','-6.92929e-06','-4.49797e-05','0.00626397','-1.68913e-07','0','0','0','-2.14476e-07','1.94509e-06','-1.79388e-06','2.46798e-08','-8.19424e-09','6.32425e-09','2.28698e-08','-1.68913e-07','3.71394e-08','0','0','0','0','0','0','0','0','0','0','0','0','0','0','0','0','0','0','0','0','0','0','0','0','0','0','0','0','0','0','0','0','0','0','0','0','0','0','0']

reports.append(Report(579633152, ("DT", -2, 2, 3), "MBwhAst2sec03"))
reports[-1].posNum = 86
reports[-1].negNum = 0
reports[-1].fittype = "6DOF"
reports[-1].add_parameters(ValErr(-0.115983, 0.0894071, 0), \
                           ValErr(0.421293, 0.704895, 0), \
                           ValErr(-0.393202, 0.666332, 0), \
                           ValErr(0.000907358, 0.00198012, 0), \
                           ValErr(-0.00224616, 0.000915607, 0), \
                           ValErr(0.00262536, 0.000872029, 0), \
                           131.599, 86, 86, -nan)
reports[-1].sigmax = ValErr(0.798707, 0.0609565, 0)
reports[-1].sigmay = ValErr(1.22708, 0.0937721, 0)
reports[-1].sigmadxdz = ValErr(0.00312972, 0.000238822, 0)
reports[-1].sigmadydz = ValErr(0, 0, 0)
reports[-1].add_stats(-0.107979, 0.0689898, 5.99007e-05, -0.00565285, -0.0927653, 0.0331012, 0.000468929, -0.00517602, -0.0927653, 0.0331012, 0.000468929, -0.00517602, 0.00352016, -0.0601897, -8.43586e-05, -0.00551971, 0.00352016, -0.0601897, -8.43586e-05, -0.00551971, 0.817155, 1.25182, 0.00315157, 0.0220451, 0.817155, 1.25182, 0.00315157, 0.0220451)
