nan = None;  NAN = None
nan = 0
reports = []
class ValErr:
    def __init__(self, value, error, antisym):
        self.value, self.error, self.antisym = value, error, antisym

    def __repr__(self):
        if self.antisym == 0.:
            return "%g +- %g" % (self.value, self.error)
        else:
            return "%g +- %g ~ %g" % (self.value, self.error, self.antisym)

class Report:
    def __init__(self, chamberId, postal_address, name):
        self.chamberId, self.postal_address, self.name = chamberId, postal_address, name
        self.status = "NOFIT"
        self.fittype = None
        self.CovMatrix = None

    def add_parameters(self, deltax, deltay, deltaz, deltaphix, deltaphiy, deltaphiz, loglikelihood, numsegments, sumofweights, redchi2):
        self.status = "PASS"
        self.deltax, self.deltay, self.deltaz, self.deltaphix, self.deltaphiy, self.deltaphiz = deltax, deltay, deltaz, deltaphix, deltaphiy, deltaphiz
        self.loglikelihood, self.numsegments, self.sumofweights, self.redchi2 = loglikelihood, numsegments, sumofweights, redchi2

    def add_stats(self, median_x, median_y, median_dxdz, median_dydz, mean30_x, mean30_y, mean20_dxdz, mean50_dydz, mean15_x, mean15_y, mean10_dxdz, mean25_dydz, wmean30_x, wmean30_y, wmean20_dxdz, wmean50_dydz, wmean15_x, wmean15_y, wmean10_dxdz, wmean25_dydz, stdev30_x, stdev30_y, stdev20_dxdz, stdev50_dydz, stdev15_x, stdev15_y, stdev10_dxdz, stdev25_dydz):
        self.median_x, self.median_y, self.median_dxdz, self.median_dydz, self.mean30_x, self.mean30_y, self.mean20_dxdz, self.mean50_dydz, self.mean15_x, self.mean15_y, self.mean10_dxdz, self.mean25_dydz, self.wmean30_x, self.wmean30_y, self.wmean20_dxdz, self.wmean50_dydz, self.wmean15_x, self.wmean15_y, self.wmean10_dxdz, self.wmean25_dydz, self.stdev30_x, self.stdev30_y, self.stdev20_dxdz, self.stdev50_dydz, self.stdev15_x, self.stdev15_y, self.stdev10_dxdz, self.stdev25_dydz = median_x, median_y, median_dxdz, median_dydz, mean30_x, mean30_y, mean20_dxdz, mean50_dydz, mean15_x, mean15_y, mean10_dxdz, mean25_dydz, wmean30_x, wmean30_y, wmean20_dxdz, wmean50_dydz, wmean15_x, wmean15_y, wmean10_dxdz, wmean25_dydz, stdev30_x, stdev30_y, stdev20_dxdz, stdev50_dydz, stdev15_x, stdev15_y, stdev10_dxdz, stdev25_dydz

    def __repr__(self):
        return "<Report %s %s %s>" % (self.postal_address[0], " ".join(map(str, self.postal_address[1:])), self.status)

reports.append(Report(574914560, ("DT", -2, 1, 1), "MBwhAst1sec01"))
reports[-1].posNum = 662
reports[-1].negNum = 0
reports[-1].fittype = "6DOF"
reports[-1].add_parameters(ValErr(0.0230566, 0.026335, 0), \
                           ValErr(0.144112, 0.229399, 0), \
                           ValErr(-0.155565, 0.185593, 0), \
                           ValErr(-0.000107448, 0.000531392, 0), \
                           ValErr(0.000279515, 0.00032317, 0), \
                           ValErr(-0.000319264, 0.000269502, 0), \
                           1557.97, 662, 662, -nan)
reports[-1].sigmax = ValErr(0.539562, 0.0148418, 0)
reports[-1].sigmay = ValErr(0.990586, 0.027277, 0)
reports[-1].sigmadxdz = ValErr(0.00251926, 6.93595e-05, 0)
reports[-1].sigmadydz = ValErr(0, 0, 0)
reports[-1].add_stats(0.0293808, -0.0501505, 2.10707e-05, -0.00546036, 0.00510028, -0.0406732, -8.36833e-05, -0.00319908, 0.00510028, -0.0406732, -8.36833e-05, -0.00319908, 0.00640909, -0.00358098, -6.25508e-05, -0.00412791, 0.00640909, -0.00358098, -6.25508e-05, -0.00412791, 0.540737, 0.989318, 0.00252157, 0.0300213, 0.540737, 0.989318, 0.00252157, 0.0300213)
reports[-1].CovMatrix = ['0.000693534','0.00343506','-0.00282598','3.02542e-06','1.32367e-06','-8.76565e-07','-9.72271e-06','1.14539e-05','1.84809e-08','0','0','0','0.00343506','0.052624','-0.0419593','4.47758e-05','-2.80209e-06','5.96463e-06','-0.000139008','0.000124157','3.50768e-07','0','0','0','-0.00282598','-0.0419593','0.0344446','-3.47396e-05','1.86758e-06','-4.37246e-06','0.000114416','-0.000108311','-2.71091e-07','0','0','0','3.02542e-06','4.47758e-05','-3.47396e-05','2.82377e-07','8.74484e-09','1.62548e-08','-1.0309e-07','-6.21662e-07','2.12166e-09','0','0','0','1.32367e-06','-2.80209e-06','1.86758e-06','8.74484e-09','1.04439e-07','-8.20607e-08','-3.23087e-08','1.75482e-07','-2.89747e-10','0','0','0','-8.76565e-07','5.96463e-06','-4.37246e-06','1.62548e-08','-8.20607e-08','7.26313e-08','2.01606e-08','-1.95888e-07','4.083e-10','0','0','0','-9.72271e-06','-0.000139008','0.000114416','-1.0309e-07','-3.23087e-08','2.01606e-08','0.000220283','-4.79136e-07','-6.7308e-10','0','0','0','1.14539e-05','0.000124157','-0.000108311','-6.21662e-07','1.75482e-07','-1.95888e-07','-4.79136e-07','0.000744053','-5.33947e-09','0','0','0','1.84809e-08','3.50768e-07','-2.71091e-07','2.12166e-09','-2.89747e-10','4.083e-10','-6.7308e-10','-5.33947e-09','4.81077e-09','0','0','0','0','0','0','0','0','0','0','0','0','0','0','0','0','0','0','0','0','0','0','0','0','0','0','0','0','0','0','0','0','0','0','0','0','0','0','0']

reports.append(Report(575176704, ("DT", -2, 1, 2), "MBwhAst1sec02"))
reports[-1].posNum = 606
reports[-1].negNum = 0
reports[-1].fittype = "6DOF"
reports[-1].add_parameters(ValErr(-0.0130797, 0.0274411, 0), \
                           ValErr(0.0524422, 0.242666, 0), \
                           ValErr(-0.0122361, 0.195783, 0), \
                           ValErr(0.000193913, 0.000562154, 0), \
                           ValErr(-0.00016136, 0.00034, 0), \
                           ValErr(0.000214102, 0.000278614, 0), \
                           1438.67, 606, 606, -nan)
reports[-1].sigmax = ValErr(0.531491, 0.0152671, 0)
reports[-1].sigmay = ValErr(0.973263, 0.0279576, 0)
reports[-1].sigmadxdz = ValErr(0.00255009, 7.32609e-05, 0)
reports[-1].sigmadydz = ValErr(0, 0, 0)
reports[-1].add_stats(-0.00758028, 0.0377916, -0.000103941, -0.00229592, -0.0117627, 0.0356655, 6.82091e-05, 0.000605947, -0.0117627, 0.0356655, 6.82091e-05, 0.000605947, -0.00684739, 0.00571393, 9.60462e-06, 0.000154571, -0.00684739, 0.00571393, 9.60462e-06, 0.000154571, 0.531585, 0.973312, 0.00255083, 0.0274266, 0.531585, 0.973312, 0.00255083, 0.0274266)
reports[-1].CovMatrix = ['0.000753014','0.0039579','-0.00324121','3.51638e-06','1.24779e-06','-7.54129e-07','-6.99413e-07','-4.25447e-08','5.87646e-09','0','0','0','0.0039579','0.0588868','-0.0468716','5.11073e-05','3.71283e-07','3.82348e-06','-1.1445e-05','1.56129e-05','3.34942e-08','0','0','0','-0.00324121','-0.0468716','0.0383309','-4.07776e-05','-6.74206e-07','-2.73427e-06','9.27255e-06','-1.17422e-05','-2.78288e-08','0','0','0','3.51638e-06','5.11073e-05','-4.07776e-05','3.16017e-07','2.10446e-08','1.01308e-08','-4.88033e-08','1.45518e-08','2.62182e-10','0','0','0','1.24779e-06','3.71283e-07','-6.74206e-07','2.10446e-08','1.156e-07','-8.90005e-08','-1.8401e-08','-9.71296e-08','3.5192e-10','0','0','0','-7.54129e-07','3.82348e-06','-2.73427e-06','1.01308e-08','-8.90005e-08','7.76259e-08','9.56506e-09','8.024e-08','-2.53304e-10','0','0','0','-6.99413e-07','-1.1445e-05','9.27255e-06','-4.88033e-08','-1.8401e-08','9.56506e-09','0.000233088','9.65305e-09','-8.49669e-11','0','0','0','-4.25447e-08','1.56129e-05','-1.17422e-05','1.45518e-08','-9.71296e-08','8.024e-08','9.65305e-09','0.00078165','-2.74864e-10','0','0','0','5.87646e-09','3.34942e-08','-2.78288e-08','2.62182e-10','3.5192e-10','-2.53304e-10','-8.49669e-11','-2.74864e-10','5.3672e-09','0','0','0','0','0','0','0','0','0','0','0','0','0','0','0','0','0','0','0','0','0','0','0','0','0','0','0','0','0','0','0','0','0','0','0','0','0','0','0']

reports.append(Report(575438848, ("DT", -2, 1, 3), "MBwhAst1sec03"))
reports[-1].posNum = 685
reports[-1].negNum = 0
reports[-1].fittype = "6DOF"
reports[-1].add_parameters(ValErr(0.00654902, 0.0255855, 0), \
                           ValErr(-0.0255499, 0.221201, 0), \
                           ValErr(0.0907321, 0.178439, 0), \
                           ValErr(0.000273108, 0.000522034, 0), \
                           ValErr(-0.000348993, 0.000313754, 0), \
                           ValErr(0.00028697, 0.000260856, 0), \
                           1559.13, 685, 685, -nan)
reports[-1].sigmax = ValErr(0.546291, 0.014767, 0)
reports[-1].sigmay = ValErr(1.00157, 0.0270867, 0)
reports[-1].sigmadxdz = ValErr(0.00265881, 7.18418e-05, 0)
reports[-1].sigmadydz = ValErr(0, 0, 0)
reports[-1].add_stats(0.0200768, 0.120864, -5.89805e-05, -0.00323485, 0.0182671, 0.0789972, -1.68364e-05, -0.00103839, 0.0182671, 0.0789972, -1.68364e-05, -0.00103839, 0.00188387, 0.0455269, 8.08064e-05, -0.00196693, 0.00188387, 0.0455269, 8.08064e-05, -0.00196693, 0.545991, 1.00381, 0.00265855, 0.0297287, 0.545991, 1.00381, 0.00265855, 0.0297287)
reports[-1].CovMatrix = ['0.000654616','0.00307955','-0.0025318','2.7333e-06','1.16721e-06','-7.69884e-07','-1.46526e-06','5.37691e-06','-5.12091e-09','0','0','0','0.00307955','0.04893','-0.0388661','4.18046e-05','-2.6462e-06','5.46089e-06','5.98739e-06','2.10912e-06','-1.88757e-08','0','0','0','-0.0025318','-0.0388661','0.0318404','-3.26926e-05','1.49862e-06','-3.80004e-06','-3.588e-06','-3.79092e-06','1.64529e-08','0','0','0','2.7333e-06','4.18046e-05','-3.26926e-05','2.7252e-07','7.64769e-09','1.57256e-08','3.64702e-08','2.91931e-08','-1.99334e-10','0','0','0','1.16721e-06','-2.6462e-06','1.49862e-06','7.64769e-09','9.84416e-08','-7.66364e-08','-1.41139e-07','3.78355e-07','-3.11644e-10','0','0','0','-7.69884e-07','5.46089e-06','-3.80004e-06','1.57256e-08','-7.66364e-08','6.80457e-08','1.26008e-07','-3.06003e-07','2.03091e-10','0','0','0','-1.46526e-06','5.98739e-06','-3.588e-06','3.64702e-08','-1.41139e-07','1.26008e-07','0.000218068','-5.65207e-07','3.68841e-10','0','0','0','5.37691e-06','2.10912e-06','-3.79092e-06','2.91931e-08','3.78355e-07','-3.06003e-07','-5.65207e-07','0.000733708','-1.15373e-09','0','0','0','-5.12091e-09','-1.88757e-08','1.64529e-08','-1.99334e-10','-3.11644e-10','2.03091e-10','3.68841e-10','-1.15373e-09','5.16128e-09','0','0','0','0','0','0','0','0','0','0','0','0','0','0','0','0','0','0','0','0','0','0','0','0','0','0','0','0','0','0','0','0','0','0','0','0','0','0','0']

reports.append(Report(575700992, ("DT", -2, 1, 4), "MBwhAst1sec04"))
reports[-1].posNum = 679
reports[-1].negNum = 0
reports[-1].fittype = "6DOF"
reports[-1].add_parameters(ValErr(0.0228352, 0.0245687, 0), \
                           ValErr(0.330495, 0.212416, 0), \
                           ValErr(-0.239884, 0.171785, 0), \
                           ValErr(-0.000142046, 0.00049564, 0), \
                           ValErr(-0.000277414, 0.000291477, 0), \
                           ValErr(0.000223316, 0.000242665, 0), \
                           1637.06, 679, 679, -nan)
reports[-1].sigmax = ValErr(0.533245, 0.0144785, 0)
reports[-1].sigmay = ValErr(0.912989, 0.0247959, 0)
reports[-1].sigmadxdz = ValErr(0.00261104, 7.08671e-05, 0)
reports[-1].sigmadydz = ValErr(0, 0, 0)
reports[-1].add_stats(0.00636866, 0.043529, 0.000178525, 0.000629098, 0.00876746, 0.038211, -1.89211e-05, 0.000660234, 0.00876746, 0.038211, -1.89211e-05, 0.000660234, 0.00510604, 0.0492418, 2.62923e-05, 0.000909998, 0.00510604, 0.0492418, 2.62923e-05, 0.000909998, 0.534705, 0.912569, 0.00261187, 0.0288451, 0.534705, 0.912569, 0.00261187, 0.0288451)
reports[-1].CovMatrix = ['0.000603619','0.00269557','-0.00222325','2.49523e-06','1.14388e-06','-7.86861e-07','-4.83288e-07','-1.07177e-06','7.35354e-09','0','0','0','0.00269557','0.0451205','-0.0359768','4.06693e-05','-1.61761e-06','4.32612e-06','-4.2619e-05','4.64223e-05','9.13476e-08','0','0','0','-0.00222325','-0.0359768','0.0295101','-3.17734e-05','4.81145e-07','-2.73468e-06','3.38122e-05','-3.62789e-05','-7.25829e-08','0','0','0','2.49523e-06','4.06693e-05','-3.17734e-05','2.45659e-07','7.04408e-09','1.28429e-08','-9.78521e-09','-1.68251e-07','5.81731e-10','0','0','0','1.14388e-06','-1.61761e-06','4.81145e-07','7.04408e-09','8.49588e-08','-6.58447e-08','1.20566e-07','-2.6507e-07','1.72797e-10','0','0','0','-7.86861e-07','4.32612e-06','-2.73468e-06','1.28429e-08','-6.58447e-08','5.88862e-08','-1.09339e-07','2.05552e-07','-4.83039e-11','0','0','0','-4.83288e-07','-4.2619e-05','3.38122e-05','-9.78521e-09','1.20566e-07','-1.09339e-07','0.000209629','-4.5374e-07','1.03317e-10','0','0','0','-1.07177e-06','4.64223e-05','-3.62789e-05','-1.68251e-07','-2.6507e-07','2.05552e-07','-4.5374e-07','0.000614854','-8.04194e-10','0','0','0','7.35354e-09','9.13476e-08','-7.25829e-08','5.81731e-10','1.72797e-10','-4.83039e-11','1.03317e-10','-8.04194e-10','5.02218e-09','0','0','0','0','0','0','0','0','0','0','0','0','0','0','0','0','0','0','0','0','0','0','0','0','0','0','0','0','0','0','0','0','0','0','0','0','0','0','0']

reports.append(Report(575963136, ("DT", -2, 1, 5), "MBwhAst1sec05"))
reports[-1].posNum = 659
reports[-1].negNum = 0
reports[-1].fittype = "6DOF"
reports[-1].add_parameters(ValErr(0.0695404, 0.0259087, 0), \
                           ValErr(0.265483, 0.224913, 0), \
                           ValErr(-0.210308, 0.181777, 0), \
                           ValErr(-6.99179e-07, 0.000523721, 0), \
                           ValErr(-0.000623351, 0.00031037, 0), \
                           ValErr(0.000363776, 0.000257145, 0), \
                           1531.07, 659, 659, -nan)
reports[-1].sigmax = ValErr(0.549239, 0.015142, 0)
reports[-1].sigmay = ValErr(0.942636, 0.0260154, 0)
reports[-1].sigmadxdz = ValErr(0.00268029, 7.39598e-05, 0)
reports[-1].sigmadydz = ValErr(0, 0, 0)
reports[-1].add_stats(0.0807371, -0.0179611, -0.000248901, -0.00308464, 0.0602205, 0.00459262, -0.00019544, 0.000460021, 0.0602205, 0.00459262, -0.00019544, 0.000460021, 0.0516115, -0.0127937, -0.000175742, 0.00175662, 0.0516115, -0.0127937, -0.000175742, 0.00175662, 0.550443, 0.9433, 0.00268084, 0.029236, 0.550443, 0.9433, 0.00268084, 0.029236)
reports[-1].CovMatrix = ['0.000671261','0.00308638','-0.00254058','2.82105e-06','1.2685e-06','-8.62502e-07','-8.93226e-06','7.38567e-06','2.47035e-08','0','0','0','0.00308638','0.0505857','-0.0403233','4.50564e-05','-1.27705e-06','4.40549e-06','-0.000133721','0.000103141','3.76075e-07','0','0','0','-0.00254058','-0.0403233','0.0330429','-3.52718e-05','2.454e-07','-2.82422e-06','0.000110312','-8.97163e-05','-2.95044e-07','0','0','0','2.82105e-06','4.50564e-05','-3.52718e-05','2.74284e-07','1.14393e-08','1.20195e-08','-8.05945e-08','-6.51924e-07','2.30483e-09','0','0','0','1.2685e-06','-1.27705e-06','2.454e-07','1.14393e-08','9.63295e-08','-7.44232e-08','-4.71036e-08','2.19746e-08','1.74006e-10','0','0','0','-8.62502e-07','4.40549e-06','-2.82422e-06','1.20195e-08','-7.44232e-08','6.61234e-08','3.45641e-08','-7.03292e-08','3.5016e-11','0','0','0','-8.93226e-06','-0.000133721','0.000110312','-8.05945e-08','-4.71036e-08','3.45641e-08','0.000229283','-4.49448e-07','-7.1562e-10','0','0','0','7.38567e-06','0.000103141','-8.97163e-05','-6.51924e-07','2.19746e-08','-7.03292e-08','-4.49448e-07','0.000676817','-5.43581e-09','0','0','0','2.47035e-08','3.76075e-07','-2.95044e-07','2.30483e-09','1.74006e-10','3.5016e-11','-7.1562e-10','-5.43581e-09','5.47009e-09','0','0','0','0','0','0','0','0','0','0','0','0','0','0','0','0','0','0','0','0','0','0','0','0','0','0','0','0','0','0','0','0','0','0','0','0','0','0','0']

reports.append(Report(576225280, ("DT", -2, 1, 6), "MBwhAst1sec06"))
reports[-1].posNum = 692
reports[-1].negNum = 0
reports[-1].fittype = "6DOF"
reports[-1].add_parameters(ValErr(0.0223882, 0.0265433, 0), \
                           ValErr(0.118937, 0.22536, 0), \
                           ValErr(-0.126283, 0.181904, 0), \
                           ValErr(-3.36602e-05, 0.000508021, 0), \
                           ValErr(7.76172e-05, 0.000303969, 0), \
                           ValErr(-6.33864e-05, 0.000252157, 0), \
                           1578.99, 692, 692, -nan)
reports[-1].sigmax = ValErr(0.568782, 0.015297, 0)
reports[-1].sigmay = ValErr(0.948112, 0.0255072, 0)
reports[-1].sigmadxdz = ValErr(0.00268239, 7.21211e-05, 0)
reports[-1].sigmadydz = ValErr(0, 0, 0)
reports[-1].add_stats(-0.018683, -0.0539228, 0.000119288, -0.00201867, 0.0110688, -0.0339187, -1.11274e-05, 0.000405288, 0.0110688, -0.0339187, -1.11274e-05, 0.000405288, -0.00167806, -0.0166334, 6.83551e-05, 0.000679325, -0.00167806, -0.0166334, 6.83551e-05, 0.000679325, 0.568903, 0.948419, 0.00268229, 0.0288122, 0.568903, 0.948419, 0.00268229, 0.0288122)
reports[-1].CovMatrix = ['0.000704545','0.00332062','-0.00272127','3.1141e-06','1.01798e-06','-5.99278e-07','5.90298e-08','-3.01187e-06','1.04262e-08','0','0','0','0.00332062','0.050787','-0.0404617','4.56505e-05','-1.54481e-06','4.98233e-06','-2.91719e-05','1.29224e-05','1.18003e-07','0','0','0','-0.00272127','-0.0404617','0.0330892','-3.63453e-05','7.85692e-07','-3.60241e-06','2.29172e-05','-8.94348e-06','-9.49264e-08','0','0','0','3.1141e-06','4.56505e-05','-3.63453e-05','2.58085e-07','8.55537e-09','1.43762e-08','-5.41383e-08','-1.40336e-07','7.07151e-10','0','0','0','1.01798e-06','-1.54481e-06','7.85692e-07','8.55537e-09','9.23974e-08','-7.14248e-08','1.35507e-07','-3.10365e-07','2.44865e-10','0','0','0','-5.99278e-07','4.98233e-06','-3.60241e-06','1.43762e-08','-7.14248e-08','6.35829e-08','-1.23529e-07','2.42312e-07','-9.88327e-11','0','0','0','5.90298e-08','-2.91719e-05','2.29172e-05','-5.41383e-08','1.35507e-07','-1.23529e-07','0.000234001','-4.58984e-07','1.12356e-10','0','0','0','-3.01187e-06','1.29224e-05','-8.94348e-06','-1.40336e-07','-3.10365e-07','2.42312e-07','-4.58984e-07','0.000650636','-1.05961e-09','0','0','0','1.04262e-08','1.18003e-07','-9.49264e-08','7.07151e-10','2.44865e-10','-9.88327e-11','1.12356e-10','-1.05961e-09','5.20148e-09','0','0','0','0','0','0','0','0','0','0','0','0','0','0','0','0','0','0','0','0','0','0','0','0','0','0','0','0','0','0','0','0','0','0','0','0','0','0','0']

reports.append(Report(576487424, ("DT", -2, 1, 7), "MBwhAst1sec07"))
reports[-1].posNum = 671
reports[-1].negNum = 0
reports[-1].fittype = "6DOF"
reports[-1].add_parameters(ValErr(-0.0330906, 0.0252786, 0), \
                           ValErr(0.122388, 0.2173, 0), \
                           ValErr(-0.0573503, 0.174878, 0), \
                           ValErr(-0.000538818, 0.000520596, 0), \
                           ValErr(-0.000184458, 0.000316506, 0), \
                           ValErr(0.000267017, 0.000263269, 0), \
                           1549.33, 671, 671, -nan)
reports[-1].sigmax = ValErr(0.531479, 0.0145198, 0)
reports[-1].sigmay = ValErr(1.03062, 0.0281633, 0)
reports[-1].sigmadxdz = ValErr(0.00256984, 7.02486e-05, 0)
reports[-1].sigmadydz = ValErr(0, 0, 0)
reports[-1].add_stats(-0.0251319, 0.039278, 0.00019984, -0.000413247, -0.0335616, 0.0545704, 0.000183066, -0.000687429, -0.0335616, 0.0545704, 0.000183066, -0.000687429, -0.024171, 0.0749099, 0.000192908, -8.14345e-05, -0.024171, 0.0749099, 0.000192908, -8.14345e-05, 0.531983, 1.02987, 0.00257459, 0.0290841, 0.531983, 1.02987, 0.00257459, 0.0290841)
reports[-1].CovMatrix = ['0.000639007','0.0030219','-0.00248212','2.51296e-06','1.10092e-06','-7.19882e-07','-6.66574e-06','6.8101e-06','1.71787e-08','0','0','0','0.0030219','0.0472195','-0.0373507','3.70876e-05','-3.18361e-06','5.63816e-06','-0.000116197','0.000124334','2.66888e-07','0','0','0','-0.00248212','-0.0373507','0.0305824','-2.89354e-05','1.96508e-06','-3.97645e-06','9.43754e-05','-0.000103797','-2.07909e-07','0','0','0','2.51296e-06','3.70876e-05','-2.89354e-05','2.7102e-07','4.98104e-09','1.79853e-08','-1.46038e-07','-4.69958e-07','1.93242e-09','0','0','0','1.10092e-06','-3.18361e-06','1.96508e-06','4.98104e-09','1.00176e-07','-7.83046e-08','6.53938e-08','-1.18972e-07','-1.46559e-11','0','0','0','-7.19882e-07','5.63816e-06','-3.97645e-06','1.79853e-08','-7.83046e-08','6.93106e-08','-6.82639e-08','5.78464e-08','1.90655e-10','0','0','0','-6.66574e-06','-0.000116197','9.43754e-05','-1.46038e-07','6.53938e-08','-6.82639e-08','0.000210826','-2.48154e-07','-1.09387e-09','0','0','0','6.8101e-06','0.000124334','-0.000103797','-4.69958e-07','-1.18972e-07','5.78464e-08','-2.48154e-07','0.000793196','-3.28706e-09','0','0','0','1.71787e-08','2.66888e-07','-2.07909e-07','1.93242e-09','-1.46559e-11','1.90655e-10','-1.09387e-09','-3.28706e-09','4.9349e-09','0','0','0','0','0','0','0','0','0','0','0','0','0','0','0','0','0','0','0','0','0','0','0','0','0','0','0','0','0','0','0','0','0','0','0','0','0','0','0']

reports.append(Report(576749568, ("DT", -2, 1, 8), "MBwhAst1sec08"))
reports[-1].posNum = 686
reports[-1].negNum = 0
reports[-1].fittype = "6DOF"
reports[-1].add_parameters(ValErr(-0.0229768, 0.0247928, 0), \
                           ValErr(0.0483844, 0.212149, 0), \
                           ValErr(-0.0278473, 0.170613, 0), \
                           ValErr(6.80502e-05, 0.000524775, 0), \
                           ValErr(4.12182e-06, 0.000312949, 0), \
                           ValErr(0.000102694, 0.000258968, 0), \
                           1593.13, 686, 686, -nan)
reports[-1].sigmax = ValErr(0.513004, 0.0138502, 0)
reports[-1].sigmay = ValErr(1.04161, 0.028125, 0)
reports[-1].sigmadxdz = ValErr(0.00259944, 7.01834e-05, 0)
reports[-1].sigmadydz = ValErr(0, 0, 0)
reports[-1].add_stats(-0.0155921, 0.0104791, -1.62258e-06, -0.000309866, -0.0245262, 0.0139717, 0.000129754, 1.78752e-05, -0.0245262, 0.0139717, 0.000129754, 1.78752e-05, -0.0232412, 0.0419387, 9.78396e-05, -0.00105858, -0.0232412, 0.0419387, 9.78396e-05, -0.00105858, 0.512984, 1.04165, 0.00259926, 0.0282117, 0.512984, 1.04165, 0.00259926, 0.0282117)
reports[-1].CovMatrix = ['0.000614684','0.00306566','-0.00251292','2.54661e-06','1.00755e-06','-6.26058e-07','1.42599e-06','-9.69762e-08','-5.01819e-09','0','0','0','0.00306566','0.0450072','-0.0355497','3.54638e-05','-2.32547e-06','4.90941e-06','1.75798e-05','-1.27845e-05','-4.21814e-08','0','0','0','-0.00251292','-0.0355497','0.0291087','-2.78567e-05','1.67826e-06','-3.73193e-06','-1.45554e-05','1.2021e-05','3.33847e-08','0','0','0','2.54661e-06','3.54638e-05','-2.78567e-05','2.75389e-07','9.86984e-09','1.60468e-08','-2.01085e-08','2.13639e-07','-3.74867e-10','0','0','0','1.00755e-06','-2.32547e-06','1.67826e-06','9.86984e-09','9.79369e-08','-7.58304e-08','-1.3806e-09','7.71219e-08','-1.78765e-10','0','0','0','-6.26058e-07','4.90941e-06','-3.73193e-06','1.60468e-08','-7.58304e-08','6.70644e-08','2.01307e-09','-4.57299e-08','1.07526e-10','0','0','0','1.42599e-06','1.75798e-05','-1.45554e-05','-2.01085e-08','-1.3806e-09','2.01307e-09','0.000191831','-3.77146e-08','2.84561e-11','0','0','0','-9.69762e-08','-1.27845e-05','1.2021e-05','2.13639e-07','7.71219e-08','-4.57299e-08','-3.77146e-08','0.000791036','-4.08455e-10','0','0','0','-5.01819e-09','-4.21814e-08','3.33847e-08','-3.74867e-10','-1.78765e-10','1.07526e-10','2.84561e-11','-4.08455e-10','4.92575e-09','0','0','0','0','0','0','0','0','0','0','0','0','0','0','0','0','0','0','0','0','0','0','0','0','0','0','0','0','0','0','0','0','0','0','0','0','0','0','0']

reports.append(Report(577011712, ("DT", -2, 1, 9), "MBwhAst1sec09"))
reports[-1].posNum = 642
reports[-1].negNum = 0
reports[-1].fittype = "6DOF"
reports[-1].add_parameters(ValErr(0.0256674, 0.026142, 0), \
                           ValErr(0.166834, 0.231947, 0), \
                           ValErr(-0.0902957, 0.187545, 0), \
                           ValErr(0.000787697, 0.000526581, 0), \
                           ValErr(-0.000203766, 0.000311335, 0), \
                           ValErr(0.000134693, 0.000258468, 0), \
                           1538.19, 642, 642, -nan)
reports[-1].sigmax = ValErr(0.548459, 0.0153181, 0)
reports[-1].sigmay = ValErr(0.917347, 0.0256321, 0)
reports[-1].sigmadxdz = ValErr(0.00256491, 7.16617e-05, 0)
reports[-1].sigmadydz = ValErr(0, 0, 0)
reports[-1].add_stats(0.0317407, 0.0544183, -2.71008e-05, -0.00524436, 0.0206093, 0.0483683, -0.000107134, -0.00273348, 0.0206093, 0.0483683, -0.000107134, -0.00273348, 0.027575, 0.0892237, -0.000165537, -0.00418981, 0.027575, 0.0892237, -0.000165537, -0.00418981, 0.548858, 0.919794, 0.00256172, 0.0291586, 0.548858, 0.919794, 0.00256172, 0.0291586)
reports[-1].CovMatrix = ['0.000683403','0.0032076','-0.00264027','2.99892e-06','1.20463e-06','-7.97736e-07','-5.39605e-06','3.97583e-06','1.6236e-08','0','0','0','0.0032076','0.0537992','-0.0429533','4.88932e-05','-1.81685e-06','5.08534e-06','-5.6998e-05','-1.24076e-05','3.19033e-07','0','0','0','-0.00264027','-0.0429533','0.0351731','-3.8481e-05','4.62339e-07','-3.20512e-06','4.75693e-05','4.81783e-06','-2.48599e-07','0','0','0','2.99892e-06','4.88932e-05','-3.8481e-05','2.77288e-07','9.55982e-09','1.31669e-08','-1.78658e-07','-3.08768e-07','1.75652e-09','0','0','0','1.20463e-06','-1.81685e-06','4.62339e-07','9.55982e-09','9.69297e-08','-7.5391e-08','-1.52308e-07','3.27188e-07','-1.97133e-10','0','0','0','-7.97736e-07','5.08534e-06','-3.20512e-06','1.31669e-08','-7.5391e-08','6.68057e-08','1.17463e-07','-2.91513e-07','2.70234e-10','0','0','0','-5.39605e-06','-5.6998e-05','4.75693e-05','-1.78658e-07','-1.52308e-07','1.17463e-07','0.000234648','-3.69535e-07','-7.68048e-10','0','0','0','3.97583e-06','-1.24076e-05','4.81783e-06','-3.08768e-07','3.27188e-07','-2.91513e-07','-3.69535e-07','0.000657019','-2.83002e-09','0','0','0','1.6236e-08','3.19033e-07','-2.48599e-07','1.75652e-09','-1.97133e-10','2.70234e-10','-7.68048e-10','-2.83002e-09','5.13544e-09','0','0','0','0','0','0','0','0','0','0','0','0','0','0','0','0','0','0','0','0','0','0','0','0','0','0','0','0','0','0','0','0','0','0','0','0','0','0','0']

reports.append(Report(577273856, ("DT", -2, 1, 10), "MBwhAst1sec10"))
reports[-1].posNum = 644
reports[-1].negNum = 0
reports[-1].fittype = "6DOF"
reports[-1].add_parameters(ValErr(0.0758097, 0.0271486, 0), \
                           ValErr(0.21057, 0.233242, 0), \
                           ValErr(-0.155742, 0.188969, 0), \
                           ValErr(-0.000301167, 0.000540828, 0), \
                           ValErr(-0.000624367, 0.000322521, 0), \
                           ValErr(0.000261173, 0.000269968, 0), \
                           1487.44, 644, 644, -nan)
reports[-1].sigmax = ValErr(0.558646, 0.0155783, 0)
reports[-1].sigmay = ValErr(0.956474, 0.0266901, 0)
reports[-1].sigmadxdz = ValErr(0.00263266, 7.34673e-05, 0)
reports[-1].sigmadydz = ValErr(0, 0, 0)
reports[-1].add_stats(0.0730219, 0.107432, -0.000285729, -0.00296027, 0.0699632, 0.0211902, -0.000290573, -0.00184967, 0.0699632, 0.0211902, -0.000290573, -0.00184967, 0.0943157, 0.0534445, -0.000392936, -0.00212129, 0.0943157, 0.0534445, -0.000392936, -0.00212129, 0.559006, 0.957742, 0.0026343, 0.0289042, 0.559006, 0.957742, 0.0026343, 0.0289042)
reports[-1].CovMatrix = ['0.000737048','0.00345129','-0.00284652','3.14422e-06','1.4507e-06','-9.90951e-07','-9.45033e-06','9.16754e-06','2.15524e-08','0','0','0','0.00345129','0.0544019','-0.0434777','4.79001e-05','-2.99863e-06','6.28391e-06','-0.000125047','8.89319e-05','3.62565e-07','0','0','0','-0.00284652','-0.0434777','0.0357094','-3.69198e-05','1.67979e-06','-4.32072e-06','0.000103205','-8.00968e-05','-2.78588e-07','0','0','0','3.14422e-06','4.79001e-05','-3.69198e-05','2.92495e-07','8.37611e-09','1.65656e-08','-1.37208e-07','-5.33618e-07','2.17731e-09','0','0','0','1.4507e-06','-2.99863e-06','1.67979e-06','8.37611e-09','1.0402e-07','-8.15953e-08','-8.69964e-08','1.80631e-07','-8.08592e-11','0','0','0','-9.90951e-07','6.28391e-06','-4.32072e-06','1.65656e-08','-8.15953e-08','7.2883e-08','6.27995e-08','-1.9123e-07','2.34691e-10','0','0','0','-9.45033e-06','-0.000125047','0.000103205','-1.37208e-07','-8.69964e-08','6.27995e-08','0.000242688','-3.45041e-07','-9.08035e-10','0','0','0','9.16754e-06','8.89319e-05','-8.00968e-05','-5.33618e-07','1.80631e-07','-1.9123e-07','-3.45041e-07','0.000712383','-4.24095e-09','0','0','0','2.15524e-08','3.62565e-07','-2.78588e-07','2.17731e-09','-8.08592e-11','2.34691e-10','-9.08035e-10','-4.24095e-09','5.39748e-09','0','0','0','0','0','0','0','0','0','0','0','0','0','0','0','0','0','0','0','0','0','0','0','0','0','0','0','0','0','0','0','0','0','0','0','0','0','0','0']

reports.append(Report(577536000, ("DT", -2, 1, 11), "MBwhAst1sec11"))
reports[-1].posNum = 648
reports[-1].negNum = 0
reports[-1].fittype = "6DOF"
reports[-1].add_parameters(ValErr(-0.026007, 0.0281565, 0), \
                           ValErr(-0.246422, 0.236799, 0), \
                           ValErr(0.205074, 0.192057, 0), \
                           ValErr(0.000590469, 0.000521141, 0), \
                           ValErr(-0.000156174, 0.000307456, 0), \
                           ValErr(0.000201452, 0.000257102, 0), \
                           1535.95, 648, 648, -nan)
reports[-1].sigmax = ValErr(0.564301, 0.0156792, 0)
reports[-1].sigmay = ValErr(0.883152, 0.0245501, 0)
reports[-1].sigmadxdz = ValErr(0.00265656, 7.38023e-05, 0)
reports[-1].sigmadydz = ValErr(0, 0, 0)
reports[-1].add_stats(-0.0343394, -0.0065797, 0.000130749, -0.00163867, -0.00551728, -0.00502105, 7.77622e-06, 2.80601e-06, -0.00551728, -0.00502105, 7.77622e-06, 2.80601e-06, -0.00287296, -0.0211009, -7.14262e-05, 4.32116e-05, -0.00287296, -0.0211009, -7.14262e-05, 4.32116e-05, 0.564919, 0.884822, 0.00265845, 0.0291786, 0.564919, 0.884822, 0.00265845, 0.0291786)
reports[-1].CovMatrix = ['0.000792789','0.00392545','-0.00322137','3.88181e-06','1.23468e-06','-7.17422e-07','6.50754e-07','-1.78403e-06','4.98557e-09','0','0','0','0.00392545','0.0560736','-0.0449793','5.40521e-05','-1.63464e-06','6.02656e-06','-1.79298e-05','3.53192e-05','-9.46389e-10','0','0','0','-0.00322137','-0.0449793','0.036886','-4.25644e-05','1.18217e-06','-4.65592e-06','1.44953e-05','-2.78532e-05','3.53869e-10','0','0','0','3.88181e-06','5.40521e-05','-4.25644e-05','2.71588e-07','9.24248e-09','1.63265e-08','-6.77047e-09','1.07683e-08','6.30596e-11','0','0','0','1.23468e-06','-1.63464e-06','1.18217e-06','9.24248e-09','9.45293e-08','-7.33998e-08','1.0682e-07','-2.88508e-07','3.7207e-10','0','0','0','-7.17422e-07','6.02656e-06','-4.65592e-06','1.63265e-08','-7.33998e-08','6.61015e-08','-9.52512e-08','2.39042e-07','-2.66295e-10','0','0','0','6.50754e-07','-1.79298e-05','1.44953e-05','-6.77047e-09','1.0682e-07','-9.52512e-08','0.000245842','-3.52528e-07','3.87702e-10','0','0','0','-1.78403e-06','3.53192e-05','-2.78532e-05','1.07683e-08','-2.88508e-07','2.39042e-07','-3.52528e-07','0.000602722','-1.09832e-09','0','0','0','4.98557e-09','-9.46389e-10','3.53869e-10','6.30596e-11','3.7207e-10','-2.66295e-10','3.87702e-10','-1.09832e-09','5.44682e-09','0','0','0','0','0','0','0','0','0','0','0','0','0','0','0','0','0','0','0','0','0','0','0','0','0','0','0','0','0','0','0','0','0','0','0','0','0','0','0']

reports.append(Report(577798144, ("DT", -2, 1, 12), "MBwhAst1sec12"))
reports[-1].posNum = 625
reports[-1].negNum = 0
reports[-1].fittype = "6DOF"
reports[-1].add_parameters(ValErr(-0.00287122, 0.0272549, 0), \
                           ValErr(-0.148431, 0.245289, 0), \
                           ValErr(0.095974, 0.198064, 0), \
                           ValErr(0.000373453, 0.000540926, 0), \
                           ValErr(0.000214296, 0.000325788, 0), \
                           ValErr(-9.47396e-05, 0.000270248, 0), \
                           1466.86, 625, 625, -nan)
reports[-1].sigmax = ValErr(0.561025, 0.0158775, 0)
reports[-1].sigmay = ValErr(0.952384, 0.0269688, 0)
reports[-1].sigmadxdz = ValErr(0.00253638, 7.17589e-05, 0)
reports[-1].sigmadydz = ValErr(0, 0, 0)
reports[-1].add_stats(0.0315561, -0.0419736, 1.36532e-05, -0.00153522, 0.00240471, -0.0314771, 7.91635e-05, -0.00042912, 0.00240471, -0.0314771, 7.91635e-05, -0.00042912, -0.0239705, -0.0510202, 0.000184438, -0.000492351, -0.0239705, -0.0510202, 0.000184438, -0.000492351, 0.561642, 0.951615, 0.00253813, 0.0289844, 0.561642, 0.951615, 0.00253813, 0.0289844)
reports[-1].CovMatrix = ['0.000742828','0.00362187','-0.00297398','3.32584e-06','1.08503e-06','-6.58946e-07','4.11365e-06','-1.92496e-06','-1.13106e-08','0','0','0','0.00362187','0.0601665','-0.0479819','5.3032e-05','-2.97726e-06','6.43951e-06','8.6113e-05','-8.83149e-05','-1.35846e-07','0','0','0','-0.00297398','-0.0479819','0.0392295','-4.21733e-05','1.29897e-06','-4.248e-06','-6.9564e-05','7.17114e-05','1.10417e-07','0','0','0','3.32584e-06','5.3032e-05','-4.21733e-05','2.92601e-07','6.29097e-09','1.70788e-08','-2.48629e-08','3.64637e-07','-8.00469e-10','0','0','0','1.08503e-06','-2.97726e-06','1.29897e-06','6.29097e-09','1.06138e-07','-8.2899e-08','-1.20033e-07','3.03428e-07','-2.60668e-10','0','0','0','-6.58946e-07','6.43951e-06','-4.248e-06','1.70788e-08','-8.2899e-08','7.30338e-08','1.01586e-07','-2.19795e-07','1.31047e-10','0','0','0','4.11365e-06','8.6113e-05','-6.9564e-05','-2.48629e-08','-1.20033e-07','1.01586e-07','0.000252098','-6.28201e-07','3.23843e-10','0','0','0','-1.92496e-06','-8.83149e-05','7.17114e-05','3.64637e-07','3.03428e-07','-2.19795e-07','-6.28201e-07','0.000727338','-1.65836e-09','0','0','0','-1.13106e-08','-1.35846e-07','1.10417e-07','-8.00469e-10','-2.60668e-10','1.31047e-10','3.23843e-10','-1.65836e-09','5.14938e-09','0','0','0','0','0','0','0','0','0','0','0','0','0','0','0','0','0','0','0','0','0','0','0','0','0','0','0','0','0','0','0','0','0','0','0','0','0','0','0']

reports.append(Report(579108864, ("DT", -2, 2, 1), "MBwhAst2sec01"))
reports[-1].posNum = 716
reports[-1].negNum = 0
reports[-1].fittype = "6DOF"
reports[-1].add_parameters(ValErr(0.0937182, 0.0286499, 0), \
                           ValErr(-0.0495725, 0.233926, 0), \
                           ValErr(-0.00824635, 0.222302, 0), \
                           ValErr(-0.000304284, 0.000655398, 0), \
                           ValErr(-0.000230586, 0.000317373, 0), \
                           ValErr(-0.000134636, 0.000307116, 0), \
                           1244.21, 716, 716, -nan)
reports[-1].sigmax = ValErr(0.737221, 0.0194838, 0)
reports[-1].sigmay = ValErr(1.22111, 0.03228, 0)
reports[-1].sigmadxdz = ValErr(0.00276852, 7.31769e-05, 0)
reports[-1].sigmadydz = ValErr(0, 0, 0)
reports[-1].add_stats(0.117042, -0.0463242, -0.000283984, -0.000744147, 0.0948185, -0.0573861, -0.000380981, -0.000806348, 0.0948185, -0.0573861, -0.000380981, -0.000806348, 0.107507, -0.0630781, -0.000396082, -0.000657152, 0.107507, -0.0630781, -0.000396082, -0.000657152, 0.73736, 1.22081, 0.00276963, 0.0226497, 0.73736, 1.22081, 0.00276963, 0.0226497)
reports[-1].CovMatrix = ['0.000820817','-0.00160138','0.00156194','-1.37163e-06','1.07618e-06','-9.89688e-07','2.71681e-06','-2.92486e-06','-1.64224e-09','0','0','0','-0.00160138','0.0547212','-0.0509985','4.15737e-05','1.94826e-06','-3.14384e-06','-6.05485e-05','5.41645e-05','9.54287e-08','0','0','0','0.00156194','-0.0509985','0.0494181','-4.00586e-05','-9.79989e-07','2.16163e-06','5.91061e-05','-5.2957e-05','-9.11168e-08','0','0','0','-1.37163e-06','4.15737e-05','-4.00586e-05','4.29547e-07','-8.02997e-09','-6.01111e-09','-2.6054e-08','-4.16297e-07','1.05862e-09','0','0','0','1.07618e-06','1.94826e-06','-9.79989e-07','-8.02997e-09','1.00725e-07','-9.21739e-08','4.51463e-08','-1.12017e-07','1.04917e-10','0','0','0','-9.89688e-07','-3.14384e-06','2.16163e-06','-6.01111e-09','-9.21739e-08','9.43205e-08','-4.15036e-08','1.22345e-07','-1.37792e-10','0','0','0','2.71681e-06','-6.05485e-05','5.91061e-05','-2.6054e-08','4.51463e-08','-4.15036e-08','0.000379625','-1.44269e-07','1.21812e-11','0','0','0','-2.92486e-06','5.41645e-05','-5.2957e-05','-4.16297e-07','-1.12017e-07','1.22345e-07','-1.44269e-07','0.00104203','-1.24591e-09','0','0','0','-1.64224e-09','9.54287e-08','-9.11168e-08','1.05862e-09','1.04917e-10','-1.37792e-10','1.21812e-11','-1.24591e-09','5.35489e-09','0','0','0','0','0','0','0','0','0','0','0','0','0','0','0','0','0','0','0','0','0','0','0','0','0','0','0','0','0','0','0','0','0','0','0','0','0','0','0']

reports.append(Report(579371008, ("DT", -2, 2, 2), "MBwhAst2sec02"))
reports[-1].posNum = 679
reports[-1].negNum = 0
reports[-1].fittype = "6DOF"
reports[-1].add_parameters(ValErr(0.0360271, 0.0296449, 0), \
                           ValErr(-0.0998525, 0.244274, 0), \
                           ValErr(0.0873421, 0.232248, 0), \
                           ValErr(-0.00121087, 0.000675245, 0), \
                           ValErr(0.000132519, 0.000320554, 0), \
                           ValErr(-0.000281008, 0.000307598, 0), \
                           1178.41, 679, 679, -nan)
reports[-1].sigmax = ValErr(0.734434, 0.0199312, 0)
reports[-1].sigmay = ValErr(1.17686, 0.0319397, 0)
reports[-1].sigmadxdz = ValErr(0.00288995, 7.84241e-05, 0)
reports[-1].sigmadydz = ValErr(0, 0, 0)
reports[-1].add_stats(0.0380316, -0.0379615, -0.000225086, -0.00205639, 0.0312988, -0.0126903, -0.000195104, -0.00219928, 0.0312988, -0.0126903, -0.000195104, -0.00219928, 0.0446118, -0.0281299, -0.00023665, -0.00192724, 0.0446118, -0.0281299, -0.00023665, -0.00192724, 0.735238, 1.17744, 0.0028943, 0.0223313, 0.735238, 1.17744, 0.0028943, 0.0223313)
reports[-1].CovMatrix = ['0.000878822','-0.00209443','0.00203011','-1.98009e-06','9.03238e-07','-7.76076e-07','1.14591e-07','1.06835e-06','-1.56225e-09','0','0','0','-0.00209443','0.0596696','-0.0557523','5.32346e-05','4.22136e-07','-2.28922e-06','-4.96207e-06','8.00885e-06','3.51217e-10','0','0','0','0.00203011','-0.0557523','0.0539391','-5.22777e-05','3.77553e-08','1.81574e-06','4.36749e-06','-5.86334e-06','-1.09853e-09','0','0','0','-1.98009e-06','5.32346e-05','-5.22777e-05','4.55955e-07','-1.3034e-08','-5.15648e-09','1.18606e-07','-1.93919e-07','3.22885e-11','0','0','0','9.03238e-07','4.22136e-07','3.77553e-08','-1.3034e-08','1.02755e-07','-9.24549e-08','-4.75857e-08','1.5002e-07','-1.77048e-10','0','0','0','-7.76076e-07','-2.28922e-06','1.81574e-06','-5.15648e-09','-9.24549e-08','9.46163e-08','4.69151e-08','-1.35023e-07','1.47573e-10','0','0','0','1.14591e-07','-4.96207e-06','4.36749e-06','1.18606e-07','-4.75857e-08','4.69151e-08','0.00039726','-1.27305e-07','7.57125e-11','0','0','0','1.06835e-06','8.00885e-06','-5.86334e-06','-1.93919e-07','1.5002e-07','-1.35023e-07','-1.27305e-07','0.00102018','-2.55394e-10','0','0','0','-1.56225e-09','3.51217e-10','-1.09853e-09','3.22885e-11','-1.77048e-10','1.47573e-10','7.57125e-11','-2.55394e-10','6.15038e-09','0','0','0','0','0','0','0','0','0','0','0','0','0','0','0','0','0','0','0','0','0','0','0','0','0','0','0','0','0','0','0','0','0','0','0','0','0','0','0']

reports.append(Report(579633152, ("DT", -2, 2, 3), "MBwhAst2sec03"))
reports[-1].posNum = 650
reports[-1].negNum = 0
reports[-1].fittype = "6DOF"
reports[-1].add_parameters(ValErr(-0.0299341, 0.0302359, 0), \
                           ValErr(0.156102, 0.238679, 0), \
                           ValErr(-0.196763, 0.226163, 0), \
                           ValErr(0.000101987, 0.000655339, 0), \
                           ValErr(-0.000111187, 0.000314447, 0), \
                           ValErr(0.000269177, 0.000301223, 0), \
                           1150.02, 650, 650, -nan)
reports[-1].sigmax = ValErr(0.734191, 0.0203722, 0)
reports[-1].sigmay = ValErr(1.16779, 0.0323974, 0)
reports[-1].sigmadxdz = ValErr(0.0028167, 7.81393e-05, 0)
reports[-1].sigmadydz = ValErr(0, 0, 0)
reports[-1].add_stats(-0.0229643, -0.00712474, 0.000133249, 0.000567902, -0.0212504, -0.0476691, 0.000165184, -0.000511564, -0.0212504, -0.0476691, 0.000165184, -0.000511564, -0.0158647, -0.0567945, 7.95237e-05, 0.000234181, -0.0158647, -0.0567945, 7.95237e-05, 0.000234181, 0.735268, 1.16761, 0.00281611, 0.0237133, 0.735268, 1.16761, 0.00281611, 0.0237133)
