nan = None;  NAN = None
nan = 0
reports = []
class ValErr:
    def __init__(self, value, error, antisym):
        self.value, self.error, self.antisym = value, error, antisym

    def __repr__(self):
        if self.antisym == 0.:
            return "%g +- %g" % (self.value, self.error)
        else:
            return "%g +- %g ~ %g" % (self.value, self.error, self.antisym)

class Report:
    def __init__(self, chamberId, postal_address, name):
        self.chamberId, self.postal_address, self.name = chamberId, postal_address, name
        self.status = "NOFIT"
        self.fittype = None
        self.CovMatrix = None

    def add_parameters(self, deltax, deltay, deltaz, deltaphix, deltaphiy, deltaphiz, loglikelihood, numsegments, sumofweights, redchi2):
        self.status = "PASS"
        self.deltax, self.deltay, self.deltaz, self.deltaphix, self.deltaphiy, self.deltaphiz = deltax, deltay, deltaz, deltaphix, deltaphiy, deltaphiz
        self.loglikelihood, self.numsegments, self.sumofweights, self.redchi2 = loglikelihood, numsegments, sumofweights, redchi2

    def add_stats(self, median_x, median_y, median_dxdz, median_dydz, mean30_x, mean30_y, mean20_dxdz, mean50_dydz, mean15_x, mean15_y, mean10_dxdz, mean25_dydz, wmean30_x, wmean30_y, wmean20_dxdz, wmean50_dydz, wmean15_x, wmean15_y, wmean10_dxdz, wmean25_dydz, stdev30_x, stdev30_y, stdev20_dxdz, stdev50_dydz, stdev15_x, stdev15_y, stdev10_dxdz, stdev25_dydz):
        self.median_x, self.median_y, self.median_dxdz, self.median_dydz, self.mean30_x, self.mean30_y, self.mean20_dxdz, self.mean50_dydz, self.mean15_x, self.mean15_y, self.mean10_dxdz, self.mean25_dydz, self.wmean30_x, self.wmean30_y, self.wmean20_dxdz, self.wmean50_dydz, self.wmean15_x, self.wmean15_y, self.wmean10_dxdz, self.wmean25_dydz, self.stdev30_x, self.stdev30_y, self.stdev20_dxdz, self.stdev50_dydz, self.stdev15_x, self.stdev15_y, self.stdev10_dxdz, self.stdev25_dydz = median_x, median_y, median_dxdz, median_dydz, mean30_x, mean30_y, mean20_dxdz, mean50_dydz, mean15_x, mean15_y, mean10_dxdz, mean25_dydz, wmean30_x, wmean30_y, wmean20_dxdz, wmean50_dydz, wmean15_x, wmean15_y, wmean10_dxdz, wmean25_dydz, stdev30_x, stdev30_y, stdev20_dxdz, stdev50_dydz, stdev15_x, stdev15_y, stdev10_dxdz, stdev25_dydz

    def __repr__(self):
        return "<Report %s %s %s>" % (self.postal_address[0], " ".join(map(str, self.postal_address[1:])), self.status)

reports.append(Report(574914560, ("DT", -2, 1, 1), "MBwhAst1sec01"))
reports[-1].posNum = 11819
reports[-1].negNum = 0
reports[-1].fittype = "6DOF"
reports[-1].add_parameters(ValErr(0.00332032, 0.00613766, 0), \
                           ValErr(-0.0405437, 0.0534491, 0), \
                           ValErr(0.0475312, 0.0431485, 0), \
                           ValErr(0.000174141, 0.000125312, 0), \
                           ValErr(0.000119242, 7.52917e-05, 0), \
                           ValErr(-0.000102625, 6.24963e-05, 0), \
                           27236.8, 11819, 11819, -nan)
reports[-1].sigmax = ValErr(0.544464, 0.00354133, 0)
reports[-1].sigmay = ValErr(0.986406, 0.00641584, 0)
reports[-1].sigmadxdz = ValErr(0.0026329, 1.71252e-05, 0)
reports[-1].sigmadydz = ValErr(0, 0, 0)
reports[-1].add_stats(0.00488802, 0.0168512, 4.13637e-06, -0.00282646, 0.0052969, 0.0168578, -1.98763e-05, -0.000973142, 0.0052969, 0.0168578, -1.98763e-05, -0.000973142, 0.00495836, 0.0220239, -2.53205e-05, -0.000973009, 0.00495836, 0.0220239, -2.53205e-05, -0.000973009, 0.544499, 0.986635, 0.00263297, 0.0286946, 0.544499, 0.986635, 0.00263297, 0.0286946)
reports[-1].CovMatrix = ['3.76709e-05','0.000178582','-0.000146889','1.58042e-07','6.90737e-08','-4.60272e-08','-1.75766e-08','4.292e-08','8.64058e-11','0','0','0','0.000178582','0.0028568','-0.00227218','2.44343e-06','-1.19673e-07','2.87529e-07','-5.16184e-07','5.4579e-07','1.96246e-09','0','0','0','-0.000146889','-0.00227218','0.0018618','-1.91179e-06','5.62541e-08','-1.94133e-07','4.20521e-07','-4.35933e-07','-1.51643e-09','0','0','0','1.58042e-07','2.44343e-06','-1.91179e-06','1.57031e-08','5.17811e-10','8.28859e-10','-5.57258e-10','-2.284e-09','1.20036e-11','0','0','0','6.90737e-08','-1.19673e-07','5.62541e-08','5.17811e-10','5.66884e-09','-4.40969e-09','1.98334e-10','6.07708e-10','-2.23444e-12','0','0','0','-4.60272e-08','2.87529e-07','-1.94133e-07','8.28859e-10','-4.40969e-09','3.90579e-09','-2.15708e-10','-6.94865e-10','3.11739e-12','0','0','0','-1.75766e-08','-5.16184e-07','4.20521e-07','-5.57258e-10','1.98334e-10','-2.15708e-10','1.2541e-05','-4.70434e-11','-5.44671e-13','0','0','0','4.292e-08','5.4579e-07','-4.35933e-07','-2.284e-09','6.07708e-10','-6.94865e-10','-4.70434e-11','4.11631e-05','-2.10594e-12','0','0','0','8.64058e-11','1.96246e-09','-1.51643e-09','1.20036e-11','-2.23444e-12','3.11739e-12','-5.44671e-13','-2.10594e-12','2.93273e-10','0','0','0','0','0','0','0','0','0','0','0','0','0','0','0','0','0','0','0','0','0','0','0','0','0','0','0','0','0','0','0','0','0','0','0','0','0','0','0']

reports.append(Report(575176704, ("DT", -2, 1, 2), "MBwhAst1sec02"))
reports[-1].posNum = 11633
reports[-1].negNum = 0
reports[-1].fittype = "6DOF"
reports[-1].add_parameters(ValErr(-0.00253037, 0.0062845, 0), \
                           ValErr(0.0236155, 0.0543295, 0), \
                           ValErr(-0.0262849, 0.0438803, 0), \
                           ValErr(-0.00016767, 0.000126427, 0), \
                           ValErr(-1.90018e-05, 7.59219e-05, 0), \
                           ValErr(1.7991e-06, 6.29637e-05, 0), \
                           26626.4, 11633, 11633, -nan)
reports[-1].sigmax = ValErr(0.550358, 0.00360819, 0)
reports[-1].sigmay = ValErr(0.986181, 0.0064654, 0)
reports[-1].sigmadxdz = ValErr(0.00264634, 1.73502e-05, 0)
reports[-1].sigmadydz = ValErr(0, 0, 0)
reports[-1].add_stats(-0.00274963, -0.013192, -2.67503e-06, -0.00238272, -0.00441443, -0.00697619, -2.35616e-07, -0.000861221, -0.00441443, -0.00697619, -2.35616e-07, -0.000861221, -0.00773412, -0.0117291, 1.01196e-05, -0.000848491, -0.00773412, -0.0117291, 1.01196e-05, -0.000848491, 0.550358, 0.986213, 0.0026466, 0.0289432, 0.550358, 0.986213, 0.0026466, 0.0289432)
reports[-1].CovMatrix = ['3.94949e-05','0.000188095','-0.000154665','1.67284e-07','7.18678e-08','-4.74974e-08','-3.73111e-08','6.01142e-08','2.07139e-10','0','0','0','0.000188095','0.0029517','-0.00234944','2.5411e-06','-9.83463e-08','2.80304e-07','-6.89288e-07','5.81156e-07','3.19305e-09','0','0','0','-0.000154665','-0.00234944','0.00192548','-1.99097e-06','4.33286e-08','-1.91704e-07','5.61155e-07','-4.7386e-07','-2.50512e-09','0','0','0','1.67284e-07','2.5411e-06','-1.99097e-06','1.59839e-08','6.12932e-10','7.97679e-10','-1.64084e-09','-2.72664e-09','1.90524e-11','0','0','0','7.18678e-08','-9.83463e-08','4.33286e-08','6.12932e-10','5.76413e-09','-4.47482e-09','-4.18169e-10','1.5534e-09','5.04582e-13','0','0','0','-4.74974e-08','2.80304e-07','-1.91704e-07','7.97679e-10','-4.47482e-09','3.96442e-09','2.40281e-10','-1.50459e-09','1.23346e-12','0','0','0','-3.73111e-08','-6.89288e-07','5.61155e-07','-1.64084e-09','-4.18169e-10','2.40281e-10','1.30191e-05','-3.07708e-10','-9.47026e-13','0','0','0','6.01142e-08','5.81156e-07','-4.7386e-07','-2.72664e-09','1.5534e-09','-1.50459e-09','-3.07708e-10','4.18015e-05','-3.13001e-12','0','0','0','2.07139e-10','3.19305e-09','-2.50512e-09','1.90524e-11','5.04582e-13','1.23346e-12','-9.47026e-13','-3.13001e-12','3.0103e-10','0','0','0','0','0','0','0','0','0','0','0','0','0','0','0','0','0','0','0','0','0','0','0','0','0','0','0','0','0','0','0','0','0','0','0','0','0','0','0']

reports.append(Report(575438848, ("DT", -2, 1, 3), "MBwhAst1sec03"))
reports[-1].posNum = 11471
reports[-1].negNum = 0
reports[-1].fittype = "6DOF"
reports[-1].add_parameters(ValErr(0.00910939, 0.00626441, 0), \
                           ValErr(0.0197672, 0.0540463, 0), \
                           ValErr(-0.00832746, 0.0436365, 0), \
                           ValErr(6.6355e-05, 0.000126369, 0), \
                           ValErr(6.11932e-05, 7.59449e-05, 0), \
                           ValErr(-5.90559e-05, 6.30886e-05, 0), \
                           26549.3, 11471, 11471, -nan)
reports[-1].sigmax = ValErr(0.544428, 0.00359456, 0)
reports[-1].sigmay = ValErr(0.982335, 0.00648612, 0)
reports[-1].sigmadxdz = ValErr(0.00261772, 1.72827e-05, 0)
reports[-1].sigmadydz = ValErr(0, 0, 0)
reports[-1].add_stats(0.0120816, 0.0142994, -1.24151e-05, -0.00228178, 0.00745489, 0.00968781, -1.07986e-05, -0.000902153, 0.00745489, 0.00968781, -1.07986e-05, -0.000902153, 0.0058381, 0.00851748, 1.07558e-06, -0.000875537, 0.0058381, 0.00851748, 1.07558e-06, -0.000875537, 0.544466, 0.982275, 0.00261788, 0.0291353, 0.544466, 0.982275, 0.00261788, 0.0291353)
reports[-1].CovMatrix = ['3.92428e-05','0.000186621','-0.000153413','1.64014e-07','7.10672e-08','-4.69955e-08','2.95354e-08','5.29925e-08','-1.63993e-10','0','0','0','0.000186621','0.002921','-0.00232364','2.48285e-06','-1.14245e-07','2.90276e-07','7.5576e-07','-4.89469e-07','-1.38222e-09','0','0','0','-0.000153413','-0.00232364','0.00190415','-1.94127e-06','5.80518e-08','-2.01117e-07','-6.02131e-07','4.21798e-07','1.10984e-09','0','0','0','1.64014e-07','2.48285e-06','-1.94127e-06','1.59691e-08','5.24215e-10','8.6978e-10','7.26509e-10','3.71901e-09','-1.00814e-11','0','0','0','7.10672e-08','-1.14245e-07','5.80518e-08','5.24215e-10','5.76762e-09','-4.48772e-09','-2.31033e-09','6.47425e-09','-5.78864e-12','0','0','0','-4.69955e-08','2.90276e-07','-2.01117e-07','8.6978e-10','-4.48772e-09','3.98017e-09','2.06275e-09','-4.97439e-09','3.56937e-12','0','0','0','2.95354e-08','7.5576e-07','-6.02131e-07','7.26509e-10','-2.31033e-09','2.06275e-09','1.29209e-05','-2.70808e-09','1.674e-12','0','0','0','5.29925e-08','-4.89469e-07','4.21798e-07','3.71901e-09','6.47425e-09','-4.97439e-09','-2.70808e-09','4.20698e-05','-8.29476e-12','0','0','0','-1.63993e-10','-1.38222e-09','1.10984e-09','-1.00814e-11','-5.78864e-12','3.56937e-12','1.674e-12','-8.29476e-12','2.98691e-10','0','0','0','0','0','0','0','0','0','0','0','0','0','0','0','0','0','0','0','0','0','0','0','0','0','0','0','0','0','0','0','0','0','0','0','0','0','0','0']

reports.append(Report(575700992, ("DT", -2, 1, 4), "MBwhAst1sec04"))
reports[-1].posNum = 11759
reports[-1].negNum = 0
reports[-1].fittype = "6DOF"
reports[-1].add_parameters(ValErr(0.00365692, 0.00612003, 0), \
                           ValErr(0.0275287, 0.0536119, 0), \
                           ValErr(-0.0215179, 0.0432361, 0), \
                           ValErr(5.74867e-05, 0.00012605, 0), \
                           ValErr(8.59245e-06, 7.54919e-05, 0), \
                           ValErr(-2.74537e-05, 6.25438e-05, 0), \
                           26983.3, 11759, 11759, -nan)
reports[-1].sigmax = ValErr(0.545458, 0.00355682, 0)
reports[-1].sigmay = ValErr(0.982132, 0.00640428, 0)
reports[-1].sigmadxdz = ValErr(0.00266553, 1.73814e-05, 0)
reports[-1].sigmadydz = ValErr(0, 0, 0)
reports[-1].add_stats(0.00470559, 0.000471906, -4.17205e-05, -0.00202833, 0.00162381, 0.00121812, -2.93715e-05, -0.000566429, 0.00162381, 0.00121812, -2.93715e-05, -0.000566429, -0.00123457, 0.0017028, -1.51875e-05, -0.000599421, -0.00123457, 0.0017028, -1.51875e-05, -0.000599421, 0.545471, 0.982137, 0.00266551, 0.0286585, 0.545471, 0.982137, 0.00266551, 0.0286585)
reports[-1].CovMatrix = ['3.74548e-05','0.000176635','-0.000145161','1.57487e-07','6.49819e-08','-4.25945e-08','-3.76491e-09','1.6361e-08','8.95982e-11','0','0','0','0.000176635','0.00287423','-0.0022841','2.46753e-06','-1.25273e-07','2.90751e-07','-2.20275e-07','2.46557e-07','1.33011e-09','0','0','0','-0.000145161','-0.0022841','0.00186936','-1.94141e-06','5.47231e-08','-1.92775e-07','1.81999e-07','-1.79263e-07','-1.04953e-09','0','0','0','1.57487e-07','2.46753e-06','-1.94141e-06','1.58886e-08','4.95367e-10','8.40944e-10','-2.12823e-10','-1.62611e-09','8.66467e-12','0','0','0','6.49819e-08','-1.25273e-07','5.47231e-08','4.95367e-10','5.69903e-09','-4.42046e-09','-1.85126e-10','1.87784e-10','7.21479e-13','0','0','0','-4.25945e-08','2.90751e-07','-1.92775e-07','8.40944e-10','-4.42046e-09','3.91172e-09','1.62894e-10','-2.82408e-10','2.09797e-13','0','0','0','-3.76491e-09','-2.20275e-07','1.81999e-07','-2.12823e-10','-1.85126e-10','1.62894e-10','1.2651e-05','-2.40542e-11','-1.20998e-13','0','0','0','1.6361e-08','2.46557e-07','-1.79263e-07','-1.62611e-09','1.87784e-10','-2.82408e-10','-2.40542e-11','4.10149e-05','-8.70498e-13','0','0','0','8.95982e-11','1.33011e-09','-1.04953e-09','8.66467e-12','7.21479e-13','2.09797e-13','-1.20998e-13','-8.70498e-13','3.02115e-10','0','0','0','0','0','0','0','0','0','0','0','0','0','0','0','0','0','0','0','0','0','0','0','0','0','0','0','0','0','0','0','0','0','0','0','0','0','0','0']

reports.append(Report(575963136, ("DT", -2, 1, 5), "MBwhAst1sec05"))
reports[-1].posNum = 11574
reports[-1].negNum = 0
reports[-1].fittype = "6DOF"
reports[-1].add_parameters(ValErr(0.00257902, 0.00475597, 0), \
                           ValErr(0.0126206, 0.0121885, 0), \
                           ValErr(0.0113262, 0.00819867, 0), \
                           ValErr(2.51328e-05, 0.000120107, 0), \
                           ValErr(-7.24478e-07, 7.65565e-05, 0), \
                           ValErr(-2.74537e-05, 6.35476e-05, 0), \
                           26472.9, 11574, 11574, -nan)
reports[-1].sigmax = ValErr(0.549004, 0.00360392, 0)
reports[-1].sigmay = ValErr(0.990911, 0.00651314, 0)
reports[-1].sigmadxdz = ValErr(0.00264439, 1.73669e-05, 0)
reports[-1].sigmadydz = ValErr(0, 0, 0)
reports[-1].add_stats(-0.000342847, 0.0382368, 2.08912e-06, -0.00239908, 0.00319661, 0.0262212, -3.58225e-05, -0.000786829, 0.00319661, 0.0262212, -3.58225e-05, -0.000786829, 0.00126177, 0.0273752, -2.80529e-05, -0.000969627, 0.00126177, 0.0273752, -2.80529e-05, -0.000969627, 0.549012, 0.990915, 0.00264439, 0.0286787, 0.549012, 0.990915, 0.00264439, 0.0286787)
reports[-1].CovMatrix = ['2.26193e-05','-3.89114e-07','-4.82119e-07','9.87178e-09','7.04914e-08','-5.56929e-08','4.73436e-07','2.55438e-07','-6.03872e-10','0','0','0','-3.89114e-07','0.00014856','-6.67516e-05','2.46754e-07','-1.42094e-07','1.74559e-07','8.15414e-06','4.21536e-06','6.85927e-09','0','0','0','-4.82119e-07','-6.67516e-05','6.72182e-05','-1.18655e-07','8.942e-08','-1.1361e-07','-6.61245e-06','-3.46563e-06','-5.40429e-09','0','0','0','9.87178e-09','2.46754e-07','-1.18655e-07','1.44256e-08','6.00986e-10','7.53373e-10','6.20216e-09','2.08786e-09','9.05026e-12','0','0','0','7.04914e-08','-1.42094e-07','8.942e-08','6.00986e-10','5.8609e-09','-4.5583e-09','-7.75379e-10','1.78418e-09','-7.40724e-13','0','0','0','-5.56929e-08','1.74559e-07','-1.1361e-07','7.53373e-10','-4.5583e-09','4.03829e-09','1.06668e-09','-1.29833e-09','1.26442e-12','0','0','0','4.73436e-07','8.15414e-06','-6.61245e-06','6.20216e-09','-7.75379e-10','1.06668e-09','1.29882e-05','-6.74347e-09','-3.10766e-11','0','0','0','2.55438e-07','4.21536e-06','-3.46563e-06','2.08786e-09','1.78418e-09','-1.29833e-09','-6.74347e-09','4.2421e-05','-2.43457e-11','0','0','0','-6.03872e-10','6.85927e-09','-5.40429e-09','9.05026e-12','-7.40724e-13','1.26442e-12','-3.10766e-11','-2.43457e-11','3.0161e-10','0','0','0','0','0','0','0','0','0','0','0','0','0','0','0','0','0','0','0','0','0','0','0','0','0','0','0','0','0','0','0','0','0','0','0','0','0','0','0']

reports.append(Report(576225280, ("DT", -2, 1, 6), "MBwhAst1sec06"))
reports[-1].posNum = 11454
reports[-1].negNum = 0
reports[-1].fittype = "6DOF"
reports[-1].add_parameters(ValErr(-0.00400225, 0.00632189, 0), \
                           ValErr(0.00158593, 0.054695, 0), \
                           ValErr(0.00556488, 0.0441786, 0), \
                           ValErr(3.68297e-05, 0.000127214, 0), \
                           ValErr(1.92241e-05, 7.61774e-05, 0), \
                           ValErr(1.25042e-05, 6.32892e-05, 0), \
                           26311.1, 11454, 11454, -nan)
reports[-1].sigmax = ValErr(0.549299, 0.00362933, 0)
reports[-1].sigmay = ValErr(0.981882, 0.00648777, 0)
reports[-1].sigmadxdz = ValErr(0.00264119, 1.74511e-05, 0)
reports[-1].sigmadydz = ValErr(0, 0, 0)
reports[-1].add_stats(-0.00132227, 0.0131163, 3.36354e-05, -0.00297196, -0.00352343, 0.00806575, 2.86105e-05, -0.00100276, -0.00352343, 0.00806575, 2.86105e-05, -0.00100276, -0.00235556, 0.00389927, 1.72502e-05, -0.000984091, -0.00235556, 0.00389927, 1.72502e-05, -0.000984091, 0.5493, 0.981868, 0.00264125, 0.0291245, 0.5493, 0.981868, 0.00264125, 0.0291245)
reports[-1].CovMatrix = ['3.99663e-05','0.000190366','-0.000156527','1.70448e-07','7.23364e-08','-4.76786e-08','9.32197e-08','-8.68355e-08','-8.87954e-11','0','0','0','0.000190366','0.00299154','-0.00238153','2.594e-06','-1.15167e-07','2.98906e-07','9.99043e-07','-3.86235e-07','-2.75535e-09','0','0','0','-0.000156527','-0.00238153','0.00195175','-2.02991e-06','5.69127e-08','-2.06459e-07','-8.25681e-07','4.23259e-07','2.11754e-09','0','0','0','1.70448e-07','2.594e-06','-2.02991e-06','1.61835e-08','5.3309e-10','8.74969e-10','8.79675e-10','5.52614e-09','-1.57102e-11','0','0','0','7.23364e-08','-1.15167e-07','5.69127e-08','5.3309e-10','5.803e-09','-4.51253e-09','9.23522e-10','-3.84707e-09','6.34153e-12','0','0','0','-4.76786e-08','2.98906e-07','-2.06459e-07','8.74969e-10','-4.51253e-09','4.00552e-09','-7.2902e-10','3.60586e-09','-6.02149e-12','0','0','0','9.32197e-08','9.99043e-07','-8.25681e-07','8.79675e-10','9.23522e-10','-7.2902e-10','1.3172e-05','-8.71032e-10','1.66546e-13','0','0','0','-8.68355e-08','-3.86235e-07','4.23259e-07','5.52614e-09','-3.84707e-09','3.60586e-09','-8.71032e-10','4.20912e-05','-1.00636e-11','0','0','0','-8.87954e-11','-2.75535e-09','2.11754e-09','-1.57102e-11','6.34153e-12','-6.02149e-12','1.66546e-13','-1.00636e-11','3.0454e-10','0','0','0','0','0','0','0','0','0','0','0','0','0','0','0','0','0','0','0','0','0','0','0','0','0','0','0','0','0','0','0','0','0','0','0','0','0','0','0']

reports.append(Report(576487424, ("DT", -2, 1, 7), "MBwhAst1sec07"))
reports[-1].posNum = 11851
reports[-1].negNum = 0
reports[-1].fittype = "6DOF"
reports[-1].add_parameters(ValErr(-0.000575743, 0.00621102, 0), \
                           ValErr(-0.0125998, 0.0541488, 0), \
                           ValErr(0.0103656, 0.0436993, 0), \
                           ValErr(3.48992e-05, 0.000127253, 0), \
                           ValErr(-9.91588e-05, 7.62771e-05, 0), \
                           ValErr(6.84403e-05, 6.32585e-05, 0), \
                           26993.6, 11851, 11851, -nan)
reports[-1].sigmax = ValErr(0.547835, 0.0035586, 0)
reports[-1].sigmay = ValErr(0.996946, 0.00647604, 0)
reports[-1].sigmadxdz = ValErr(0.00265921, 1.72727e-05, 0)
reports[-1].sigmadydz = ValErr(0, 0, 0)
reports[-1].add_stats(-0.00427103, -0.00754472, 1.58949e-05, -0.00257291, 0.00136858, -0.0011193, -1.75097e-05, -0.000855082, 0.00136858, -0.0011193, -1.75097e-05, -0.000855082, 0.00486035, 0.0124593, -3.19851e-05, -0.000736829, 0.00486035, 0.0124593, -3.19851e-05, -0.000736829, 0.547812, 0.997071, 0.00265919, 0.0290008, 0.547812, 0.997071, 0.00265919, 0.0290008)
reports[-1].CovMatrix = ['3.85768e-05','0.000186587','-0.000153305','1.65139e-07','6.81198e-08','-4.43174e-08','7.05674e-09','4.21857e-08','-2.48736e-11','0','0','0','0.000186587','0.00293209','-0.00233168','2.5077e-06','-1.12415e-07','2.89698e-07','4.34563e-07','-4.55442e-07','9.05694e-11','0','0','0','-0.000153305','-0.00233168','0.00190963','-1.96861e-06','5.393e-08','-1.99136e-07','-3.40224e-07','3.79427e-07','-5.66857e-11','0','0','0','1.65139e-07','2.5077e-06','-1.96861e-06','1.61934e-08','5.39392e-10','8.71727e-10','-1.49231e-10','1.51225e-09','1.98492e-14','0','0','0','6.81198e-08','-1.12415e-07','5.393e-08','5.39392e-10','5.8182e-09','-4.52157e-09','-2.52008e-09','5.69415e-09','-2.61152e-12','0','0','0','-4.43174e-08','2.89698e-07','-1.99136e-07','8.71727e-10','-4.52157e-09','4.00164e-09','2.17459e-09','-4.52615e-09','1.75586e-12','0','0','0','7.05674e-09','4.34563e-07','-3.40224e-07','-1.49231e-10','-2.52008e-09','2.17459e-09','1.26636e-05','-2.64137e-09','9.72054e-13','0','0','0','4.21857e-08','-4.55442e-07','3.79427e-07','1.51225e-09','5.69415e-09','-4.52615e-09','-2.64137e-09','4.19392e-05','-2.40221e-12','0','0','0','-2.48736e-11','9.05694e-11','-5.66857e-11','1.98492e-14','-2.61152e-12','1.75586e-12','9.72054e-13','-2.40221e-12','2.98347e-10','0','0','0','0','0','0','0','0','0','0','0','0','0','0','0','0','0','0','0','0','0','0','0','0','0','0','0','0','0','0','0','0','0','0','0','0','0','0','0']

reports.append(Report(576749568, ("DT", -2, 1, 8), "MBwhAst1sec08"))
reports[-1].posNum = 11603
reports[-1].negNum = 0
reports[-1].fittype = "6DOF"
reports[-1].add_parameters(ValErr(-0.0120848, 0.0063245, 0), \
                           ValErr(-0.010965, 0.0544922, 0), \
                           ValErr(0.00939686, 0.0440213, 0), \
                           ValErr(0.000137146, 0.000126906, 0), \
                           ValErr(-7.34931e-06, 7.62314e-05, 0), \
                           ValErr(6.14554e-05, 6.32867e-05, 0), \
                           26535.7, 11603, 11603, -nan)
reports[-1].sigmax = ValErr(0.55082, 0.00361589, 0)
reports[-1].sigmay = ValErr(0.986937, 0.00647884, 0)
reports[-1].sigmadxdz = ValErr(0.00264709, 1.73767e-05, 0)
reports[-1].sigmadydz = ValErr(0, 0, 0)
reports[-1].add_stats(-0.0162125, -0.00168552, 3.22536e-05, -0.00275129, -0.0106987, -0.00103331, 5.19236e-05, -0.000685592, -0.0106987, -0.00103331, 5.19236e-05, -0.000685592, -0.0101973, 0.0119494, 4.21054e-05, -0.000719846, -0.0101973, 0.0119494, 4.21054e-05, -0.000719846, 0.550851, 0.986946, 0.00264718, 0.028902, 0.550851, 0.986946, 0.00264718, 0.028902)
reports[-1].CovMatrix = ['3.99993e-05','0.000191269','-0.000157242','1.71295e-07','7.39229e-08','-4.8845e-08','5.41778e-08','-4.61835e-08','-1.22058e-11','0','0','0','0.000191269','0.0029694','-0.00236411','2.57597e-06','-9.69707e-08','2.84288e-07','2.81297e-07','-5.28526e-08','-2.32328e-10','0','0','0','-0.000157242','-0.00236411','0.00193788','-2.0145e-06','4.6963e-08','-1.98357e-07','-2.44066e-07','1.13692e-07','1.80012e-10','0','0','0','1.71295e-07','2.57597e-06','-2.0145e-06','1.61052e-08','6.13129e-10','8.19397e-10','-2.81576e-10','2.24285e-09','-1.30712e-12','0','0','0','7.39229e-08','-9.69707e-08','4.6963e-08','6.13129e-10','5.81122e-09','-4.51641e-09','1.43117e-09','-2.65641e-09','6.39674e-13','0','0','0','-4.8845e-08','2.84288e-07','-1.98357e-07','8.19397e-10','-4.51641e-09','4.00521e-09','-1.26604e-09','2.37172e-09','-7.10269e-14','0','0','0','5.41778e-08','2.81297e-07','-2.44066e-07','-2.81576e-10','1.43117e-09','-1.26604e-09','1.30747e-05','-8.3694e-10','3.1135e-14','0','0','0','-4.61835e-08','-5.28526e-08','1.13692e-07','2.24285e-09','-2.65641e-09','2.37172e-09','-8.3694e-10','4.19755e-05','-3.66401e-13','0','0','0','-1.22058e-11','-2.32328e-10','1.80012e-10','-1.30712e-12','6.39674e-13','-7.10269e-14','3.1135e-14','-3.66401e-13','3.01951e-10','0','0','0','0','0','0','0','0','0','0','0','0','0','0','0','0','0','0','0','0','0','0','0','0','0','0','0','0','0','0','0','0','0','0','0','0','0','0','0']

reports.append(Report(577011712, ("DT", -2, 1, 9), "MBwhAst1sec09"))
reports[-1].posNum = 11504
reports[-1].negNum = 0
reports[-1].fittype = "6DOF"
reports[-1].add_parameters(ValErr(-0.00533092, 0.00615197, 0), \
                           ValErr(-0.0121745, 0.0532533, 0), \
                           ValErr(0.02331, 0.0429834, 0), \
                           ValErr(-1.61417e-05, 0.0001258, 0), \
                           ValErr(-1.79509e-06, 7.57502e-05, 0), \
                           ValErr(-2.20921e-06, 6.2911e-05, 0), \
                           26662.5, 11504, 11504, -nan)
reports[-1].sigmax = ValErr(0.539423, 0.00355723, 0)
reports[-1].sigmay = ValErr(0.987023, 0.00650519, 0)
reports[-1].sigmadxdz = ValErr(0.00262105, 1.7113e-05, 0)
reports[-1].sigmadydz = ValErr(0, 0, 0)
reports[-1].add_stats(0.00584602, 0.0212362, -3.73211e-05, -0.00230989, -0.00347938, 0.0161779, 5.01811e-07, -0.00065534, -0.00347938, 0.0161779, 5.01811e-07, -0.00065534, -0.00297501, 0.0175896, -8.61781e-06, -0.00104464, -0.00297501, 0.0175896, -8.61781e-06, -0.00104464, 0.539441, 0.987014, 0.00262104, 0.0294276, 0.539441, 0.987014, 0.00262104, 0.0294276)
reports[-1].CovMatrix = ['3.78467e-05','0.000177883','-0.000146781','1.51591e-07','7.3285e-08','-4.99512e-08','1.1475e-07','2.33531e-08','6.03972e-10','0','0','0','0.000177883','0.00283591','-0.0022545','2.38563e-06','-1.14805e-07','2.80048e-07','1.41365e-06','-7.8525e-07','-2.91772e-09','0','0','0','-0.000146781','-0.0022545','0.00184757','-1.8647e-06','5.3708e-08','-1.88739e-07','-1.06466e-06','7.48907e-07','4.50212e-09','0','0','0','1.51591e-07','2.38563e-06','-1.8647e-06','1.58256e-08','5.58787e-10','8.14474e-10','3.01936e-09','5.53392e-09','-1.10278e-12','0','0','0','7.3285e-08','-1.14805e-07','5.3708e-08','5.58787e-10','5.73809e-09','-4.46399e-09','-8.11538e-10','3.53529e-09','-7.54689e-12','0','0','0','-4.99512e-08','2.80048e-07','-1.88739e-07','8.14474e-10','-4.46399e-09','3.95779e-09','9.7425e-10','-2.52055e-09','4.5542e-12','0','0','0','1.1475e-07','1.41365e-06','-1.06466e-06','3.01936e-09','-8.11538e-10','9.7425e-10','1.26539e-05','-2.23632e-08','-2.21736e-10','0','0','0','2.33531e-08','-7.8525e-07','7.48907e-07','5.53392e-09','3.53529e-09','-2.52055e-09','-2.23632e-08','4.23176e-05','-2.5075e-10','0','0','0','6.03972e-10','-2.91772e-09','4.50212e-09','-1.10278e-12','-7.54689e-12','4.5542e-12','-2.21736e-10','-2.5075e-10','2.92856e-10','0','0','0','0','0','0','0','0','0','0','0','0','0','0','0','0','0','0','0','0','0','0','0','0','0','0','0','0','0','0','0','0','0','0','0','0','0','0','0']

reports.append(Report(577273856, ("DT", -2, 1, 10), "MBwhAst1sec10"))
reports[-1].posNum = 11765
reports[-1].negNum = 0
reports[-1].fittype = "6DOF"
reports[-1].add_parameters(ValErr(-0.00806778, 0.00624906, 0), \
                           ValErr(-0.0205011, 0.0538892, 0), \
                           ValErr(0.043532, 0.0435313, 0), \
                           ValErr(0.000262369, 0.000125581, 0), \
                           ValErr(-6.99345e-06, 7.52091e-05, 0), \
                           ValErr(4.07143e-05, 6.26147e-05, 0), \
                           26979.7, 11765, 11765, -nan)
reports[-1].sigmax = ValErr(0.550584, 0.00358953, 0)
reports[-1].sigmay = ValErr(0.98248, 0.00640572, 0)
reports[-1].sigmadxdz = ValErr(0.00264366, 1.72359e-05, 0)
reports[-1].sigmadydz = ValErr(0, 0, 0)
reports[-1].add_stats(-0.002882, 0.0374704, 2.56687e-05, -0.00274182, -0.00432945, 0.0297966, 2.07073e-05, -0.000946457, -0.00432945, 0.0297966, 2.07073e-05, -0.000946457, -0.00131539, 0.0260537, -1.02316e-05, -0.00135543, -0.00131539, 0.0260537, -1.02316e-05, -0.00135543, 0.550573, 0.982923, 0.00264342, 0.0284325, 0.550573, 0.982923, 0.00264342, 0.0284325)
reports[-1].CovMatrix = ['3.90508e-05','0.000185176','-0.000152284','1.64886e-07','6.91949e-08','-4.53902e-08','-9.79165e-08','1.2241e-07','2.63697e-10','0','0','0','0.000185176','0.00290404','-0.00231191','2.4995e-06','-1.3462e-07','3.09309e-07','-1.18443e-06','6.74722e-07','4.82442e-09','0','0','0','-0.000152284','-0.00231191','0.00189497','-1.95424e-06','7.29947e-08','-2.15256e-07','9.85781e-07','-6.14713e-07','-3.74903e-09','0','0','0','1.64886e-07','2.4995e-06','-1.95424e-06','1.57706e-08','4.22564e-10','9.32189e-10','-1.33051e-09','-7.37746e-09','2.95151e-11','0','0','0','6.91949e-08','-1.3462e-07','7.29947e-08','4.22564e-10','5.65641e-09','-4.40825e-09','-2.23016e-09','5.35912e-09','-3.37568e-12','0','0','0','-4.53902e-08','3.09309e-07','-2.15256e-07','9.32189e-10','-4.40825e-09','3.92061e-09','1.86254e-09','-5.00127e-09','4.75382e-12','0','0','0','-9.79165e-08','-1.18443e-06','9.85781e-07','-1.33051e-09','-2.23016e-09','1.86254e-09','1.28848e-05','-2.52389e-09','-1.01947e-12','0','0','0','1.2241e-07','6.74722e-07','-6.14713e-07','-7.37746e-09','5.35912e-09','-5.00127e-09','-2.52389e-09','4.10333e-05','-1.77707e-11','0','0','0','2.63697e-10','4.82442e-09','-3.74903e-09','2.95151e-11','-3.37568e-12','4.75382e-12','-1.01947e-12','-1.77707e-11','2.97077e-10','0','0','0','0','0','0','0','0','0','0','0','0','0','0','0','0','0','0','0','0','0','0','0','0','0','0','0','0','0','0','0','0','0','0','0','0','0','0','0']

reports.append(Report(577536000, ("DT", -2, 1, 11), "MBwhAst1sec11"))
reports[-1].posNum = 11596
reports[-1].negNum = 0
reports[-1].fittype = "6DOF"
reports[-1].add_parameters(ValErr(0.00851875, 0.00628937, 0), \
                           ValErr(-0.0404951, 0.0541643, 0), \
                           ValErr(0.034115, 0.0437112, 0), \
                           ValErr(-6.55213e-05, 0.000126205, 0), \
                           ValErr(8.02831e-05, 7.57619e-05, 0), \
                           ValErr(-0.000119781, 6.27707e-05, 0), \
                           26661, 11596, 11596, -nan)
reports[-1].sigmax = ValErr(0.549031, 0.00360535, 0)
reports[-1].sigmay = ValErr(0.976001, 0.00640937, 0)
reports[-1].sigmadxdz = ValErr(0.00265297, 1.74222e-05, 0)
reports[-1].sigmadydz = ValErr(0, 0, 0)
reports[-1].add_stats(0.016993, 0.00626868, -0.000110324, -0.00283345, 0.00978604, 0.0022173, -5.9938e-05, -0.000983276, 0.00978604, 0.0022173, -5.9938e-05, -0.000983276, 0.011061, -0.00136032, -6.81673e-05, -0.0014771, 0.011061, -0.00136032, -6.81673e-05, -0.0014771, 0.549055, 0.976119, 0.00265285, 0.0287201, 0.549055, 0.976119, 0.00265285, 0.0287201)
reports[-1].CovMatrix = ['3.95561e-05','0.000189369','-0.000155461','1.6915e-07','6.72806e-08','-4.31068e-08','1.27293e-07','-7.66743e-08','-2.83297e-10','0','0','0','0.000189369','0.00293377','-0.00233379','2.53288e-06','-9.19836e-08','2.76729e-07','1.42441e-06','-4.5722e-07','-4.67168e-09','0','0','0','-0.000155461','-0.00233379','0.00191067','-1.99552e-06','4.241e-08','-1.93187e-07','-1.16807e-06','4.75526e-07','3.66823e-09','0','0','0','1.6915e-07','2.53288e-06','-1.99552e-06','1.59277e-08','6.00955e-10','8.19283e-10','2.48727e-09','7.39498e-09','-2.88095e-11','0','0','0','6.72806e-08','-9.19836e-08','4.241e-08','6.00955e-10','5.73986e-09','-4.44728e-09','1.37609e-09','-2.9124e-09','1.64377e-12','0','0','0','-4.31068e-08','2.76729e-07','-1.93187e-07','8.19283e-10','-4.44728e-09','3.94017e-09','-1.02241e-09','3.0056e-09','-3.00958e-12','0','0','0','1.27293e-07','1.42441e-06','-1.16807e-06','2.48727e-09','1.37609e-09','-1.02241e-09','1.29986e-05','-3.8847e-10','-4.11511e-12','0','0','0','-7.66743e-08','-4.5722e-07','4.75526e-07','7.39498e-09','-2.9124e-09','3.0056e-09','-3.8847e-10','4.10801e-05','-1.47037e-11','0','0','0','-2.83297e-10','-4.67168e-09','3.66823e-09','-2.88095e-11','1.64377e-12','-3.00958e-12','-4.11511e-12','-1.47037e-11','3.03532e-10','0','0','0','0','0','0','0','0','0','0','0','0','0','0','0','0','0','0','0','0','0','0','0','0','0','0','0','0','0','0','0','0','0','0','0','0','0','0','0']

reports.append(Report(577798144, ("DT", -2, 1, 12), "MBwhAst1sec12"))
reports[-1].posNum = 11367
reports[-1].negNum = 0
reports[-1].fittype = "6DOF"
reports[-1].add_parameters(ValErr(-0.00015167, 0.00623898, 0), \
                           ValErr(0.0475774, 0.0545636, 0), \
                           ValErr(-0.0527675, 0.0440527, 0), \
                           ValErr(6.00482e-05, 0.000127499, 0), \
                           ValErr(0.000114596, 7.62381e-05, 0), \
                           ValErr(-5.89251e-05, 6.32164e-05, 0), \
                           26289.6, 11367, 11367, -nan)
reports[-1].sigmax = ValErr(0.543487, 0.00360471, 0)
reports[-1].sigmay = ValErr(0.980797, 0.00650565, 0)
reports[-1].sigmadxdz = ValErr(0.00263075, 1.74497e-05, 0)
reports[-1].sigmadydz = ValErr(0, 0, 0)
reports[-1].add_stats(-0.0087018, -0.0168128, 7.64596e-05, -0.0016433, -0.00549898, -0.015802, 3.83068e-05, -0.000137641, -0.00549898, -0.015802, 3.83068e-05, -0.000137641, -0.00706253, -0.0253281, 6.42786e-05, -0.000242254, -0.00706253, -0.0253281, 6.42786e-05, -0.000242254, 0.54357, 0.980826, 0.00263066, 0.0287293, 0.54357, 0.980826, 0.00263066, 0.0287293)
reports[-1].CovMatrix = ['3.89248e-05','0.000184852','-0.000152057','1.65382e-07','7.19875e-08','-4.8022e-08','-1.02587e-07','9.82974e-08','3.54274e-10','0','0','0','0.000184852','0.00297719','-0.00236864','2.58049e-06','-1.06711e-07','2.85453e-07','-1.89975e-06','1.83226e-06','5.23756e-09','0','0','0','-0.000152057','-0.00236864','0.00194064','-2.02164e-06','4.25628e-08','-1.89779e-07','1.5567e-06','-1.52631e-06','-4.11335e-09','0','0','0','1.65382e-07','2.58049e-06','-2.02164e-06','1.62561e-08','5.69707e-10','8.22223e-10','-1.07497e-09','-9.24853e-09','3.33281e-11','0','0','0','7.19875e-08','-1.06711e-07','4.25628e-08','5.69707e-10','5.81225e-09','-4.5134e-09','4.40253e-10','-1.68414e-09','2.72935e-12','0','0','0','-4.8022e-08','2.85453e-07','-1.89779e-07','8.22223e-10','-4.5134e-09','3.99632e-09','-4.56477e-10','6.54179e-10','6.92288e-13','0','0','0','-1.02587e-07','-1.89975e-06','1.5567e-06','-1.07497e-09','4.40253e-10','-4.56477e-10','1.29939e-05','-1.7253e-09','-2.09118e-12','0','0','0','9.82974e-08','1.83226e-06','-1.52631e-06','-9.24853e-09','-1.68414e-09','6.54179e-10','-1.7253e-09','4.23235e-05','-1.92953e-11','0','0','0','3.54274e-10','5.23756e-09','-4.11335e-09','3.33281e-11','2.72935e-12','6.92288e-13','-2.09118e-12','-1.92953e-11','3.04492e-10','0','0','0','0','0','0','0','0','0','0','0','0','0','0','0','0','0','0','0','0','0','0','0','0','0','0','0','0','0','0','0','0','0','0','0','0','0','0','0']

reports.append(Report(579108864, ("DT", -2, 2, 1), "MBwhAst2sec01"))
reports[-1].posNum = 12258
reports[-1].negNum = 0
reports[-1].fittype = "6DOF"
reports[-1].add_parameters(ValErr(-0.00313685, 0.00686202, 0), \
                           ValErr(0.0629996, 0.0554426, 0), \
                           ValErr(-0.0489512, 0.0526842, 0), \
                           ValErr(0.000123416, 0.000154799, 0), \
                           ValErr(5.77275e-05, 7.42497e-05, 0), \
                           ValErr(-7.80327e-05, 7.15834e-05, 0), \
                           21778.7, 12258, 12258, -nan)
reports[-1].sigmax = ValErr(0.726525, 0.00464013, 0)
reports[-1].sigmay = ValErr(1.17963, 0.00753412, 0)
reports[-1].sigmadxdz = ValErr(0.00279693, 1.78633e-05, 0)
reports[-1].sigmadydz = ValErr(0, 0, 0)
reports[-1].add_stats(-0.0117559, 0.0018769, 6.72719e-06, -0.000218364, -0.00211467, 0.0120413, -1.54533e-05, -0.000929772, -0.00211467, 0.0120413, -1.54533e-05, -0.000929772, -0.000466824, 0.0149543, -2.68264e-05, -0.000933522, -0.000466824, 0.0149543, -2.68264e-05, -0.000933522, 0.726566, 1.17962, 0.00279707, 0.0230339, 0.726566, 1.17962, 0.00279707, 0.0230339)
reports[-1].CovMatrix = ['4.70874e-05','-0.000100442','9.76125e-05','-8.77471e-08','5.66139e-08','-5.08816e-08','6.21687e-09','4.1667e-08','-4.0658e-11','0','0','0','-0.000100442','0.00307388','-0.00286639','2.50941e-06','3.84328e-08','-1.19655e-07','2.07904e-08','2.0679e-07','-5.39694e-10','0','0','0','9.76125e-05','-0.00286639','0.00277562','-2.43962e-06','-3.6585e-09','8.38373e-08','-2.84583e-08','-1.2244e-07','4.89794e-10','0','0','0','-8.77471e-08','2.50941e-06','-2.43962e-06','2.39628e-08','-6.10588e-10','-2.76212e-10','1.78045e-09','-5.84092e-10','-4.18567e-12','0','0','0','5.66139e-08','3.84328e-08','-3.6585e-09','-6.10588e-10','5.51302e-09','-4.99762e-09','-1.23036e-09','4.38499e-09','-5.41328e-12','0','0','0','-5.08816e-08','-1.19655e-07','8.38373e-08','-2.76212e-10','-4.99762e-09','5.12419e-09','1.18081e-09','-4.19406e-09','5.4008e-12','0','0','0','6.21687e-09','2.07904e-08','-2.84583e-08','1.78045e-09','-1.23036e-09','1.18081e-09','2.15308e-05','-1.04089e-09','9.49873e-13','0','0','0','4.1667e-08','2.0679e-07','-1.2244e-07','-5.84092e-10','4.38499e-09','-4.19406e-09','-1.04089e-09','5.6763e-05','-4.41486e-12','0','0','0','-4.0658e-11','-5.39694e-10','4.89794e-10','-4.18567e-12','-5.41328e-12','5.4008e-12','9.49873e-13','-4.41486e-12','3.19098e-10','0','0','0','0','0','0','0','0','0','0','0','0','0','0','0','0','0','0','0','0','0','0','0','0','0','0','0','0','0','0','0','0','0','0','0','0','0','0','0']

reports.append(Report(579371008, ("DT", -2, 2, 2), "MBwhAst2sec02"))
reports[-1].posNum = 12297
reports[-1].negNum = 0
reports[-1].fittype = "6DOF"
reports[-1].add_parameters(ValErr(0.0108767, 0.00702207, 0), \
                           ValErr(0.0276181, 0.0567931, 0), \
                           ValErr(-0.0243818, 0.0539984, 0), \
                           ValErr(-0.000103214, 0.000157197, 0), \
                           ValErr(7.89835e-07, 7.54134e-05, 0), \
                           ValErr(-2.29763e-06, 7.26359e-05, 0), \
                           21326.5, 12297, 12297, -nan)
reports[-1].sigmax = ValErr(0.741603, 0.00472881, 0)
reports[-1].sigmay = ValErr(1.19118, 0.00759572, 0)
reports[-1].sigmadxdz = ValErr(0.00283104, 1.80522e-05, 0)
reports[-1].sigmadydz = ValErr(0, 0, 0)
reports[-1].add_stats(0.0149288, -0.00543938, -2.55665e-06, -0.000483619, 0.0117876, 0.00236074, -4.05162e-06, -0.000989895, 0.0117876, 0.00236074, -4.05162e-06, -0.000989895, 0.0127878, 0.00292007, -3.01815e-05, -0.00113851, 0.0127878, 0.00292007, -3.01815e-05, -0.00113851, 0.741615, 1.19121, 0.00283106, 0.0231272, 0.741615, 1.19121, 0.00283106, 0.0231272)
reports[-1].CovMatrix = ['4.93094e-05','-0.000111374','0.000108067','-9.65675e-08','5.74335e-08','-5.11615e-08','2.92648e-09','3.44522e-08','-1.01492e-11','0','0','0','-0.000111374','0.00322546','-0.00301133','2.66041e-06','8.84011e-09','-1.00154e-07','2.36893e-07','-1.66906e-07','-4.86283e-10','0','0','0','0.000108067','-0.00301133','0.00291583','-2.59105e-06','1.38492e-08','7.58862e-08','-2.33022e-07','2.20605e-07','4.62673e-10','0','0','0','-9.65675e-08','2.66041e-06','-2.59105e-06','2.47108e-08','-7.58646e-10','-2.15061e-10','4.37275e-10','1.57796e-09','-4.14119e-12','0','0','0','5.74335e-08','8.84011e-09','1.38492e-08','-7.58646e-10','5.68717e-09','-5.1513e-09','-8.55013e-10','2.51286e-09','-2.52311e-12','0','0','0','-5.11615e-08','-1.00154e-07','7.58862e-08','-2.15061e-10','-5.1513e-09','5.27598e-09','8.62682e-10','-2.47631e-09','2.65285e-12','0','0','0','2.92648e-09','2.36893e-07','-2.33022e-07','4.37275e-10','-8.55013e-10','8.62682e-10','2.23617e-05','-4.05887e-10','3.55754e-13','0','0','0','3.44522e-08','-1.66906e-07','2.20605e-07','1.57796e-09','2.51286e-09','-2.47631e-09','-4.05887e-10','5.7695e-05','-1.50863e-12','0','0','0','-1.01492e-11','-4.86283e-10','4.62673e-10','-4.14119e-12','-2.52311e-12','2.65285e-12','3.55754e-13','-1.50863e-12','3.25883e-10','0','0','0','0','0','0','0','0','0','0','0','0','0','0','0','0','0','0','0','0','0','0','0','0','0','0','0','0','0','0','0','0','0','0','0','0','0','0','0']

reports.append(Report(579633152, ("DT", -2, 2, 3), "MBwhAst2sec03"))
reports[-1].posNum = 12149
reports[-1].negNum = 0
reports[-1].fittype = "6DOF"
reports[-1].add_parameters(ValErr(0.00943494, 0.00666374, 0), \
                           ValErr(0.0166172, 0.0127347, 0), \
                           ValErr(-0.00157791, 0.0117129, 0), \
                           ValErr(0.000182848, 0.000149354, 0), \
                           ValErr(0.000107719, 7.49193e-05, 0), \
                           ValErr(-0.000100851, 7.24396e-05, 0), \
                           21465.2, 12149, 12149, -nan)
reports[-1].sigmax = ValErr(0.732999, 0.00470564, 0)
reports[-1].sigmay = ValErr(1.18626, 0.00771859, 0)
reports[-1].sigmadxdz = ValErr(0.00278407, 1.79072e-05, 0)
reports[-1].sigmadydz = ValErr(0, 0, 0)
reports[-1].add_stats(0.00962448, 0.0319615, 2.31008e-05, -0.00102827, 0.00832587, 0.0144719, 1.493e-05, -0.00130122, 0.00832587, 0.0144719, 1.493e-05, -0.00130122, 0.00852607, 0.0157723, 5.24162e-07, -0.00156043, 0.00852607, 0.0157723, 5.24162e-07, -0.00156043, 0.733033, 1.18631, 0.00278422, 0.02343, 0.733033, 1.18631, 0.00278422, 0.02343)
