nan = None;  NAN = None
nan = 0
reports = []
class ValErr:
    def __init__(self, value, error, antisym):
        self.value, self.error, self.antisym = value, error, antisym

    def __repr__(self):
        if self.antisym == 0.:
            return "%g +- %g" % (self.value, self.error)
        else:
            return "%g +- %g ~ %g" % (self.value, self.error, self.antisym)

class Report:
    def __init__(self, chamberId, postal_address, name):
        self.chamberId, self.postal_address, self.name = chamberId, postal_address, name
        self.status = "NOFIT"
        self.fittype = None
        self.CovMatrix = None

    def add_parameters(self, deltax, deltay, deltaz, deltaphix, deltaphiy, deltaphiz, loglikelihood, numsegments, sumofweights, redchi2):
        self.status = "PASS"
        self.deltax, self.deltay, self.deltaz, self.deltaphix, self.deltaphiy, self.deltaphiz = deltax, deltay, deltaz, deltaphix, deltaphiy, deltaphiz
        self.loglikelihood, self.numsegments, self.sumofweights, self.redchi2 = loglikelihood, numsegments, sumofweights, redchi2

    def add_stats(self, median_x, median_y, median_dxdz, median_dydz, mean30_x, mean30_y, mean20_dxdz, mean50_dydz, mean15_x, mean15_y, mean10_dxdz, mean25_dydz, wmean30_x, wmean30_y, wmean20_dxdz, wmean50_dydz, wmean15_x, wmean15_y, wmean10_dxdz, wmean25_dydz, stdev30_x, stdev30_y, stdev20_dxdz, stdev50_dydz, stdev15_x, stdev15_y, stdev10_dxdz, stdev25_dydz):
        self.median_x, self.median_y, self.median_dxdz, self.median_dydz, self.mean30_x, self.mean30_y, self.mean20_dxdz, self.mean50_dydz, self.mean15_x, self.mean15_y, self.mean10_dxdz, self.mean25_dydz, self.wmean30_x, self.wmean30_y, self.wmean20_dxdz, self.wmean50_dydz, self.wmean15_x, self.wmean15_y, self.wmean10_dxdz, self.wmean25_dydz, self.stdev30_x, self.stdev30_y, self.stdev20_dxdz, self.stdev50_dydz, self.stdev15_x, self.stdev15_y, self.stdev10_dxdz, self.stdev25_dydz = median_x, median_y, median_dxdz, median_dydz, mean30_x, mean30_y, mean20_dxdz, mean50_dydz, mean15_x, mean15_y, mean10_dxdz, mean25_dydz, wmean30_x, wmean30_y, wmean20_dxdz, wmean50_dydz, wmean15_x, wmean15_y, wmean10_dxdz, wmean25_dydz, stdev30_x, stdev30_y, stdev20_dxdz, stdev50_dydz, stdev15_x, stdev15_y, stdev10_dxdz, stdev25_dydz

    def __repr__(self):
        return "<Report %s %s %s>" % (self.postal_address[0], " ".join(map(str, self.postal_address[1:])), self.status)

reports.append(Report(574914560, ("DT", -2, 1, 1), "MBwhAst1sec01"))
reports[-1].posNum = 1377
reports[-1].negNum = 0
reports[-1].fittype = "6DOF"
reports[-1].add_parameters(ValErr(0.0221239, 0.0179895, 0), \
                           ValErr(-0.0992726, 0.157154, 0), \
                           ValErr(0.0792279, 0.126759, 0), \
                           ValErr(0.000167464, 0.000369818, 0), \
                           ValErr(-2.47088e-06, 0.000222447, 0), \
                           ValErr(-2.17031e-05, 0.000185043, 0), \
                           3104.31, 1377, 1377, -nan)
reports[-1].sigmax = ValErr(0.55269, 0.0105392, 0)
reports[-1].sigmay = ValErr(1.00723, 0.0192222, 0)
reports[-1].sigmadxdz = ValErr(0.00267058, 5.09194e-05, 0)
reports[-1].sigmadydz = ValErr(0, 0, 0)
reports[-1].add_stats(0.0318126, 0.0119584, -8.618e-05, -0.000802878, 0.0278163, -0.00437693, -5.51134e-05, -6.20208e-05, 0.0278163, -0.00437693, -5.51134e-05, -6.20208e-05, 0.0418227, -0.000751478, -9.28313e-05, 0.000638666, 0.0418227, -0.000751478, -9.28313e-05, 0.000638666, 0.552838, 1.00694, 0.00267132, 0.0298335, 0.552838, 1.00694, 0.00267132, 0.0298335)
reports[-1].CovMatrix = ['0.000323623','0.00148864','-0.00122511','1.30387e-06','5.68742e-07','-3.80557e-07','3.26504e-06','-4.28019e-06','-3.9861e-09','0','0','0','0.00148864','0.0246973','-0.0196157','2.07592e-05','-1.50736e-06','2.80857e-06','3.54176e-05','-2.40148e-05','-1.02075e-07','0','0','0','-0.00122511','-0.0196157','0.0160678','-1.62569e-05','7.87403e-07','-1.87742e-06','-2.95656e-05','2.30605e-05','7.85257e-08','0','0','0','1.30387e-06','2.07592e-05','-1.62569e-05','1.36765e-07','2.62994e-09','8.35448e-09','4.58214e-08','1.59335e-07','-6.18319e-10','0','0','0','5.68742e-07','-1.50736e-06','7.87403e-07','2.62994e-09','4.94827e-08','-3.85991e-08','6.42519e-08','-1.96479e-07','1.69591e-10','0','0','0','-3.80557e-07','2.80857e-06','-1.87742e-06','8.35448e-09','-3.85991e-08','3.4241e-08','-5.13473e-08','1.72929e-07','-1.7233e-10','0','0','0','3.26504e-06','3.54176e-05','-2.95656e-05','4.58214e-08','6.42519e-08','-5.13473e-08','0.000111075','-2.95256e-07','-1.64883e-11','0','0','0','-4.28019e-06','-2.40148e-05','2.30605e-05','1.59335e-07','-1.96479e-07','1.72929e-07','-2.95256e-07','0.000369498','-1.59309e-09','0','0','0','-3.9861e-09','-1.02075e-07','7.85257e-08','-6.18319e-10','1.69591e-10','-1.7233e-10','-1.64883e-11','-1.59309e-09','2.59279e-09','0','0','0','0','0','0','0','0','0','0','0','0','0','0','0','0','0','0','0','0','0','0','0','0','0','0','0','0','0','0','0','0','0','0','0','0','0','0','0']

reports.append(Report(575176704, ("DT", -2, 1, 2), "MBwhAst1sec02"))
reports[-1].posNum = 1356
reports[-1].negNum = 0
reports[-1].fittype = "6DOF"
reports[-1].add_parameters(ValErr(0.0206867, 0.0185304, 0), \
                           ValErr(0.0735171, 0.159103, 0), \
                           ValErr(-0.0803467, 0.128485, 0), \
                           ValErr(-0.000299714, 0.000370959, 0), \
                           ValErr(8.45848e-05, 0.000220942, 0), \
                           ValErr(-0.000115104, 0.000183994, 0), \
                           3072.58, 1356, 1356, -nan)
reports[-1].sigmax = ValErr(0.558167, 0.0107189, 0)
reports[-1].sigmay = ValErr(0.968531, 0.0186054, 0)
reports[-1].sigmadxdz = ValErr(0.00271855, 5.22139e-05, 0)
reports[-1].sigmadydz = ValErr(0, 0, 0)
reports[-1].add_stats(0.0187502, -0.0404763, -2.29668e-06, -0.00158227, 0.0128936, -0.0202013, -1.19192e-05, -0.000897433, 0.0128936, -0.0202013, -1.19192e-05, -0.000897433, 0.0140977, -0.00246268, -4.12202e-05, -0.000490815, 0.0140977, -0.00246268, -4.12202e-05, -0.000490815, 0.55842, 0.96835, 0.00271984, 0.0290554, 0.55842, 0.96835, 0.00271984, 0.0290554)
reports[-1].CovMatrix = ['0.000343376','0.00159693','-0.00131278','1.47703e-06','6.11822e-07','-4.01212e-07','-1.08749e-06','2.08496e-06','5.20987e-10','0','0','0','0.00159693','0.0253136','-0.0201556','2.26135e-05','-1.07961e-06','2.66882e-06','-1.47204e-05','1.13496e-05','4.8327e-08','0','0','0','-0.00131278','-0.0201556','0.0165085','-1.76921e-05','5.27587e-07','-1.82766e-06','1.22996e-05','-1.04386e-05','-3.65839e-08','0','0','0','1.47703e-06','2.26135e-05','-1.76921e-05','1.37611e-07','3.41262e-09','8.19892e-09','2.5368e-09','-8.51398e-08','2.55474e-10','0','0','0','6.11822e-07','-1.07961e-06','5.27587e-07','3.41262e-09','4.88153e-08','-3.79368e-08','-1.46369e-08','9.13998e-08','-1.82325e-10','0','0','0','-4.01212e-07','2.66882e-06','-1.82766e-06','8.19892e-09','-3.79368e-08','3.38538e-08','1.42355e-08','-8.17673e-08','1.62363e-10','0','0','0','-1.08749e-06','-1.47204e-05','1.22996e-05','2.5368e-09','-1.46369e-08','1.42355e-08','0.000114896','-5.35052e-08','6.12402e-11','0','0','0','2.08496e-06','1.13496e-05','-1.04386e-05','-8.51398e-08','9.13998e-08','-8.17673e-08','-5.35052e-08','0.000346164','-5.19572e-10','0','0','0','5.20987e-10','4.8327e-08','-3.65839e-08','2.55474e-10','-1.82325e-10','1.62363e-10','6.12402e-11','-5.19572e-10','2.7263e-09','0','0','0','0','0','0','0','0','0','0','0','0','0','0','0','0','0','0','0','0','0','0','0','0','0','0','0','0','0','0','0','0','0','0','0','0','0','0','0']

reports.append(Report(575438848, ("DT", -2, 1, 3), "MBwhAst1sec03"))
reports[-1].posNum = 1306
reports[-1].negNum = 0
reports[-1].fittype = "6DOF"
reports[-1].add_parameters(ValErr(-0.0373175, 0.0189442, 0), \
                           ValErr(-0.0941644, 0.165102, 0), \
                           ValErr(0.119169, 0.133252, 0), \
                           ValErr(7.60139e-05, 0.000381612, 0), \
                           ValErr(-0.000231541, 0.000230197, 0), \
                           ValErr(0.000301968, 0.000191152, 0), \
                           2894.14, 1306, 1306, -nan)
reports[-1].sigmax = ValErr(0.563087, 0.0110189, 0)
reports[-1].sigmay = ValErr(1.02321, 0.0200252, 0)
reports[-1].sigmadxdz = ValErr(0.00268124, 5.24687e-05, 0)
reports[-1].sigmadydz = ValErr(0, 0, 0)
reports[-1].add_stats(-0.0143628, 0.0665338, 6.77131e-05, -0.00163373, -0.0238242, 0.0467189, 0.000120003, 0.000126648, -0.0238242, 0.0467189, 0.000120003, 0.000126648, -0.0222606, 0.0719173, 0.000113483, -0.000224104, -0.0222606, 0.0719173, 0.000113483, -0.000224104, 0.563192, 1.02399, 0.00268213, 0.0283435, 0.563192, 1.02399, 0.00268213, 0.0283435)
reports[-1].CovMatrix = ['0.000358882','0.00167577','-0.00137854','1.47857e-06','6.1599e-07','-4.05301e-07','-1.18945e-06','1.12851e-06','3.77766e-09','0','0','0','0.00167577','0.0272587','-0.0216691','2.30357e-05','-1.47143e-06','2.97703e-06','-1.72889e-05','2.08691e-05','3.60725e-08','0','0','0','-0.00137854','-0.0216691','0.0177561','-1.81008e-05','7.89642e-07','-2.03873e-06','1.45308e-05','-1.75525e-05','-2.90946e-08','0','0','0','1.47857e-06','2.30357e-05','-1.81008e-05','1.45628e-07','3.62216e-09','8.42001e-09','2.2897e-08','-1.27641e-07','2.54363e-10','0','0','0','6.1599e-07','-1.47143e-06','7.89642e-07','3.62216e-09','5.29909e-08','-4.12579e-08','-1.36127e-08','-1.74337e-08','1.1336e-10','0','0','0','-4.05301e-07','2.97703e-06','-2.03873e-06','8.42001e-09','-4.12579e-08','3.65392e-08','1.32322e-08','4.05247e-09','-7.14293e-11','0','0','0','-1.18945e-06','-1.72889e-05','1.45308e-05','2.2897e-08','-1.36127e-08','1.32322e-08','0.000121416','-5.40521e-08','1.07995e-11','0','0','0','1.12851e-06','2.08691e-05','-1.75525e-05','-1.27641e-07','-1.74337e-08','4.05247e-09','-5.40521e-08','0.000401014','-2.51959e-10','0','0','0','3.77766e-09','3.60725e-08','-2.90946e-08','2.54363e-10','1.1336e-10','-7.14293e-11','1.07995e-11','-2.51959e-10','2.75297e-09','0','0','0','0','0','0','0','0','0','0','0','0','0','0','0','0','0','0','0','0','0','0','0','0','0','0','0','0','0','0','0','0','0','0','0','0','0','0','0']

reports.append(Report(575700992, ("DT", -2, 1, 4), "MBwhAst1sec04"))
reports[-1].posNum = 1391
reports[-1].negNum = 0
reports[-1].fittype = "6DOF"
reports[-1].add_parameters(ValErr(0.017241, 0.0177021, 0), \
                           ValErr(0.238568, 0.153181, 0), \
                           ValErr(-0.183072, 0.123942, 0), \
                           ValErr(-0.000200876, 0.000359736, 0), \
                           ValErr(0.000244165, 0.000216412, 0), \
                           ValErr(-0.000216887, 0.000179632, 0), \
                           3260.63, 1391, 1391, -nan)
reports[-1].sigmax = ValErr(0.546569, 0.010363, 0)
reports[-1].sigmay = ValErr(0.956954, 0.0181444, 0)
reports[-1].sigmadxdz = ValErr(0.00259851, 4.92679e-05, 0)
reports[-1].sigmadydz = ValErr(0, 0, 0)
reports[-1].add_stats(0.00190165, -0.00302781, 7.34709e-05, -0.00185442, -0.000386992, 0.0225884, 2.32811e-06, -0.000656382, -0.000386992, 0.0225884, 2.32811e-06, -0.000656382, -0.0067558, 0.0346935, 3.97017e-05, -0.00144, -0.0067558, 0.0346935, 3.97017e-05, -0.00144, 0.546928, 0.958161, 0.00259824, 0.0286192, 0.546928, 0.958161, 0.00259824, 0.0286192)
reports[-1].CovMatrix = ['0.000313366','0.00141267','-0.00116596','1.24126e-06','6.66395e-07','-4.75029e-07','6.76406e-07','-6.96094e-07','-3.58097e-10','0','0','0','0.00141267','0.0234643','-0.01871','2.00546e-05','-5.38598e-07','1.90937e-06','1.16306e-05','-1.01836e-05','-2.01589e-08','0','0','0','-0.00116596','-0.01871','0.0153615','-1.55402e-05','4.78315e-08','-1.17097e-06','-9.56499e-06','9.25295e-06','1.5149e-08','0','0','0','1.24126e-06','2.00546e-05','-1.55402e-05','1.2941e-07','6.40673e-09','4.69894e-09','-5.19521e-09','6.20232e-08','-1.17161e-10','0','0','0','6.66395e-07','-5.38598e-07','4.78315e-08','6.40673e-09','4.6834e-08','-3.64548e-08','-1.16591e-08','1.54235e-09','5.46434e-11','0','0','0','-4.75029e-07','1.90937e-06','-1.17097e-06','4.69894e-09','-3.64548e-08','3.22676e-08','9.06033e-09','3.19832e-09','-5.04254e-11','0','0','0','6.76406e-07','1.16306e-05','-9.56499e-06','-5.19521e-09','-1.16591e-08','9.06033e-09','0.000107391','-1.45372e-08','-9.99054e-12','0','0','0','-6.96094e-07','-1.01836e-05','9.25295e-06','6.20232e-08','1.54235e-09','3.19832e-09','-1.45372e-08','0.000329223','-5.82621e-11','0','0','0','-3.58097e-10','-2.01589e-08','1.5149e-08','-1.17161e-10','5.46434e-11','-5.04254e-11','-9.99054e-12','-5.82621e-11','2.42734e-09','0','0','0','0','0','0','0','0','0','0','0','0','0','0','0','0','0','0','0','0','0','0','0','0','0','0','0','0','0','0','0','0','0','0','0','0','0','0','0']

reports.append(Report(575963136, ("DT", -2, 1, 5), "MBwhAst1sec05"))
reports[-1].posNum = 1394
reports[-1].negNum = 0
reports[-1].fittype = "6DOF"
reports[-1].add_parameters(ValErr(-0.0246564, 0.0175965, 0), \
                           ValErr(-0.0517643, 0.150158, 0), \
                           ValErr(0.0362372, 0.120969, 0), \
                           ValErr(9.41274e-05, 0.000352236, 0), \
                           ValErr(-3.96798e-05, 0.000214651, 0), \
                           ValErr(3.65026e-05, 0.000177035, 0), \
                           3337.35, 1394, 1394, -nan)
reports[-1].sigmax = ValErr(0.522649, 0.00990008, 0)
reports[-1].sigmay = ValErr(0.993428, 0.0188205, 0)
reports[-1].sigmadxdz = ValErr(0.00249004, 4.71608e-05, 0)
reports[-1].sigmadydz = ValErr(0, 0, 0)
reports[-1].add_stats(-0.0132303, -0.0223737, -1.78376e-05, -0.0033334, -0.0210753, -0.00839406, 3.29877e-06, -0.00175369, -0.0210753, -0.00839406, 3.29877e-06, -0.00175369, -0.02806, -0.0350848, 3.13565e-05, -0.00164302, -0.02806, -0.0350848, 3.13565e-05, -0.00164302, 0.522659, 0.99355, 0.00248994, 0.0286303, 0.522659, 0.99355, 0.00248994, 0.0286303)
reports[-1].CovMatrix = ['0.000309638','0.00152729','-0.00125171','1.29776e-06','5.16128e-07','-3.23862e-07','1.8233e-08','3.13712e-07','9.36216e-11','0','0','0','0.00152729','0.0225473','-0.0178753','1.83926e-05','-4.91386e-07','1.92174e-06','5.03024e-06','-1.2948e-05','1.59523e-08','0','0','0','-0.00125171','-0.0178753','0.0146335','-1.45517e-05','2.97232e-07','-1.44296e-06','-4.0972e-06','1.0659e-05','-1.24514e-08','0','0','0','1.29776e-06','1.83926e-05','-1.45517e-05','1.2407e-07','6.35218e-09','5.57817e-09','-1.42993e-08','2.32204e-09','8.829e-11','0','0','0','5.16128e-07','-4.91386e-07','2.97232e-07','6.35218e-09','4.6075e-08','-3.56553e-08','-3.50079e-08','1.01894e-07','-8.51475e-11','0','0','0','-3.23862e-07','1.92174e-06','-1.44296e-06','5.57817e-09','-3.56553e-08','3.13415e-08','2.94226e-08','-8.30589e-08','6.93317e-11','0','0','0','1.8233e-08','5.03024e-06','-4.0972e-06','-1.42993e-08','-3.50079e-08','2.94226e-08','9.80123e-05','-8.3413e-08','5.14202e-11','0','0','0','3.13712e-07','-1.2948e-05','1.0659e-05','2.32204e-09','1.01894e-07','-8.30589e-08','-8.3413e-08','0.000354216','-1.92113e-10','0','0','0','9.36216e-11','1.59523e-08','-1.24514e-08','8.829e-11','-8.51475e-11','6.93317e-11','5.14202e-11','-1.92113e-10','2.22415e-09','0','0','0','0','0','0','0','0','0','0','0','0','0','0','0','0','0','0','0','0','0','0','0','0','0','0','0','0','0','0','0','0','0','0','0','0','0','0','0']

reports.append(Report(576225280, ("DT", -2, 1, 6), "MBwhAst1sec06"))
reports[-1].posNum = 1353
reports[-1].negNum = 0
reports[-1].fittype = "6DOF"
reports[-1].add_parameters(ValErr(-0.00824149, 0.0178227, 0), \
                           ValErr(0.0609625, 0.156286, 0), \
                           ValErr(-0.0332568, 0.126037, 0), \
                           ValErr(-0.00010506, 0.000368641, 0), \
                           ValErr(-0.000136559, 0.000218965, 0), \
                           ValErr(0.000119298, 0.000181311, 0), \
                           3171.82, 1353, 1353, -nan)
reports[-1].sigmax = ValErr(0.537868, 0.0103413, 0)
reports[-1].sigmay = ValErr(0.952311, 0.0183112, 0)
reports[-1].sigmadxdz = ValErr(0.00265283, 5.10025e-05, 0)
reports[-1].sigmadydz = ValErr(0, 0, 0)
reports[-1].add_stats(0.0071621, 0.0187691, 4.69195e-06, -0.00208947, -0.00904605, 0.0196649, 1.77738e-05, -0.000970183, -0.00904605, 0.0196649, 1.77738e-05, -0.000970183, -0.00214013, 0.0194986, -1.00912e-05, -0.00082711, -0.00214013, 0.0194986, -1.00912e-05, -0.00082711, 0.537929, 0.952319, 0.00265323, 0.0292891, 0.537929, 0.952319, 0.00265323, 0.0292891)
reports[-1].CovMatrix = ['0.000317649','0.00151022','-0.00124014','1.3581e-06','5.38107e-07','-3.48306e-07','-1.48669e-06','1.83957e-06','3.24435e-09','0','0','0','0.00151022','0.0244254','-0.0194212','2.11879e-05','-9.33424e-07','2.37909e-06','-2.18969e-05','2.5479e-05','4.52741e-08','0','0','0','-0.00124014','-0.0194212','0.0158853','-1.66966e-05','3.65533e-07','-1.57073e-06','1.81896e-05','-2.14019e-05','-3.58842e-08','0','0','0','1.3581e-06','2.11879e-05','-1.66966e-05','1.35896e-07','4.74416e-09','6.82472e-09','6.27695e-09','-1.07275e-07','2.9606e-10','0','0','0','5.38107e-07','-9.33424e-07','3.65533e-07','4.74416e-09','4.79457e-08','-3.71086e-08','-1.40218e-08','1.31134e-08','3.54416e-11','0','0','0','-3.48306e-07','2.37909e-06','-1.57073e-06','6.82472e-09','-3.71086e-08','3.28738e-08','1.25381e-08','-1.87147e-08','-7.57216e-12','0','0','0','-1.48669e-06','-2.18969e-05','1.81896e-05','6.27695e-09','-1.40218e-08','1.25381e-08','0.000106944','-5.86575e-08','5.27095e-12','0','0','0','1.83957e-06','2.5479e-05','-2.14019e-05','-1.07275e-07','1.31134e-08','-1.87147e-08','-5.86575e-08','0.000335306','-2.24722e-10','0','0','0','3.24435e-09','4.52741e-08','-3.58842e-08','2.9606e-10','3.54416e-11','-7.57216e-12','5.27095e-12','-2.24722e-10','2.60127e-09','0','0','0','0','0','0','0','0','0','0','0','0','0','0','0','0','0','0','0','0','0','0','0','0','0','0','0','0','0','0','0','0','0','0','0','0','0','0','0']

reports.append(Report(576487424, ("DT", -2, 1, 7), "MBwhAst1sec07"))
reports[-1].posNum = 1393
reports[-1].negNum = 0
reports[-1].fittype = "6DOF"
reports[-1].add_parameters(ValErr(-0.041681, 0.0181108, 0), \
                           ValErr(-0.144748, 0.155557, 0), \
                           ValErr(0.117228, 0.125429, 0), \
                           ValErr(-0.000123528, 0.000361951, 0), \
                           ValErr(-0.000130558, 0.000215775, 0), \
                           ValErr(0.000197947, 0.000178321, 0), \
                           3194.83, 1393, 1393, -nan)
reports[-1].sigmax = ValErr(0.549536, 0.0104172, 0)
reports[-1].sigmay = ValErr(0.973036, 0.0184549, 0)
reports[-1].sigmadxdz = ValErr(0.00267372, 5.07087e-05, 0)
reports[-1].sigmadydz = ValErr(0, 0, 0)
reports[-1].add_stats(-0.036313, -0.00234922, 0.000185109, -0.000765394, -0.0296925, -0.00280652, 0.000123416, 0.000167552, -0.0296925, -0.00280652, 0.000123416, 0.000167552, -0.0183303, -0.0039259, 0.000100892, -0.000499714, -0.0183303, -0.0039259, 0.000100892, -0.000499714, 0.549946, 0.973063, 0.00267329, 0.0284229, 0.549946, 0.973063, 0.00267329, 0.0284229)
reports[-1].CovMatrix = ['0.000328','0.00156839','-0.00128592','1.42091e-06','4.9871e-07','-3.03045e-07','3.15887e-06','-2.13999e-06','-8.45357e-09','0','0','0','0.00156839','0.0241981','-0.0192332','2.11617e-05','-6.6057e-07','2.22479e-06','5.03556e-05','-3.64653e-05','-1.36707e-07','0','0','0','-0.00128592','-0.0192332','0.0157323','-1.68564e-05','2.85167e-07','-1.57392e-06','-4.10427e-05','3.10682e-05','1.08575e-07','0','0','0','1.42091e-06','2.11617e-05','-1.68564e-05','1.31008e-07','5.00382e-09','6.77562e-09','4.06222e-08','2.41865e-07','-8.35015e-10','0','0','0','4.9871e-07','-6.6057e-07','2.85167e-07','5.00382e-09','4.65586e-08','-3.58827e-08','-2.67092e-08','3.87965e-08','2.64491e-11','0','0','0','-3.03045e-07','2.22479e-06','-1.57392e-06','6.77562e-09','-3.58827e-08','3.17984e-08','2.6157e-08','-1.16252e-08','-9.34234e-11','0','0','0','3.15887e-06','5.03556e-05','-4.10427e-05','4.06222e-08','-2.67092e-08','2.6157e-08','0.000108518','-1.0408e-07','-2.97422e-10','0','0','0','-2.13999e-06','-3.64653e-05','3.10682e-05','2.41865e-07','3.87965e-08','-1.16252e-08','-1.0408e-07','0.000340589','-1.50281e-09','0','0','0','-8.45357e-09','-1.36707e-07','1.08575e-07','-8.35015e-10','2.64491e-11','-9.34234e-11','-2.97422e-10','-1.50281e-09','2.57138e-09','0','0','0','0','0','0','0','0','0','0','0','0','0','0','0','0','0','0','0','0','0','0','0','0','0','0','0','0','0','0','0','0','0','0','0','0','0','0','0']

reports.append(Report(576749568, ("DT", -2, 1, 8), "MBwhAst1sec08"))
reports[-1].posNum = 1298
reports[-1].negNum = 0
reports[-1].fittype = "6DOF"
reports[-1].add_parameters(ValErr(-0.017808, 0.017907, 0), \
                           ValErr(-0.117528, 0.154443, 0), \
                           ValErr(0.0970606, 0.124741, 0), \
                           ValErr(0.000333298, 0.000367779, 0), \
                           ValErr(6.47656e-05, 0.000220678, 0), \
                           ValErr(1.59216e-05, 0.0001834, 0), \
                           3155.31, 1298, 1298, -nan)
reports[-1].sigmax = ValErr(0.511368, 0.0100239, 0)
reports[-1].sigmay = ValErr(0.973594, 0.0190516, 0)
reports[-1].sigmadxdz = ValErr(0.00250295, 4.89927e-05, 0)
reports[-1].sigmadydz = ValErr(0, 0, 0)
reports[-1].add_stats(-0.00660005, 0.0226446, 3.37058e-05, -0.00229129, -0.00998547, -0.00323757, 5.23051e-05, -0.000828913, -0.00998547, -0.00323757, 5.23051e-05, -0.000828913, -0.0101785, -0.00308456, 2.33062e-05, -0.00124425, -0.0101785, -0.00308456, 2.33062e-05, -0.00124425, 0.511343, 0.974386, 0.00250307, 0.0274002, 0.511343, 0.974386, 0.00250307, 0.0274002)
reports[-1].CovMatrix = ['0.000320661','0.00158616','-0.00130361','1.38487e-06','6.45156e-07','-4.32642e-07','1.12726e-07','-2.86613e-07','-1.23248e-09','0','0','0','0.00158616','0.0238526','-0.0189637','2.03608e-05','-7.62807e-07','2.32269e-06','-8.91214e-08','6.68443e-06','2.94726e-09','0','0','0','-0.00130361','-0.0189637','0.0155603','-1.57892e-05','4.73225e-07','-1.69323e-06','3.82447e-07','-5.81744e-06','-1.52666e-09','0','0','0','1.38487e-06','2.03608e-05','-1.57892e-05','1.35262e-07','5.26465e-09','7.36593e-09','3.33586e-08','-7.9347e-08','7.18885e-11','0','0','0','6.45156e-07','-7.62807e-07','4.73225e-07','5.26465e-09','4.86987e-08','-3.79654e-08','3.55902e-09','-2.19049e-08','5.17317e-11','0','0','0','-4.32642e-07','2.32269e-06','-1.69323e-06','7.36593e-09','-3.79654e-08','3.36357e-08','-2.56036e-09','2.08033e-08','-3.19546e-11','0','0','0','1.12726e-07','-8.91214e-08','3.82447e-07','3.33586e-08','3.55902e-09','-2.56036e-09','0.00010048','9.79159e-07','2.26084e-09','0','0','0','-2.86613e-07','6.68443e-06','-5.81744e-06','-7.9347e-08','-2.19049e-08','2.08033e-08','9.79159e-07','0.00036297','-5.13446e-09','0','0','0','-1.23248e-09','2.94726e-09','-1.52666e-09','7.18885e-11','5.17317e-11','-3.19546e-11','2.26084e-09','-5.13446e-09','2.4003e-09','0','0','0','0','0','0','0','0','0','0','0','0','0','0','0','0','0','0','0','0','0','0','0','0','0','0','0','0','0','0','0','0','0','0','0','0','0','0','0']

reports.append(Report(577011712, ("DT", -2, 1, 9), "MBwhAst1sec09"))
reports[-1].posNum = 1334
reports[-1].negNum = 0
reports[-1].fittype = "6DOF"
reports[-1].add_parameters(ValErr(-0.020892, 0.0183708, 0), \
                           ValErr(-0.172886, 0.157841, 0), \
                           ValErr(0.102605, 0.127527, 0), \
                           ValErr(0.000118066, 0.000368319, 0), \
                           ValErr(0.000564173, 0.000223009, 0), \
                           ValErr(-0.000418589, 0.000185645, 0), \
                           3075.65, 1334, 1334, -nan)
reports[-1].sigmax = ValErr(0.552215, 0.0106958, 0)
reports[-1].sigmay = ValErr(0.983555, 0.019061, 0)
reports[-1].sigmadxdz = ValErr(0.00260062, 5.03559e-05, 0)
reports[-1].sigmadydz = ValErr(0, 0, 0)
reports[-1].add_stats(-0.0495081, -0.0215265, 0.000118436, -0.00368532, -0.020632, -0.044035, 7.37903e-05, -0.00153002, -0.020632, -0.044035, 7.37903e-05, -0.00153002, -0.0296648, -0.0434284, 0.000124267, -0.00143673, -0.0296648, -0.0434284, 0.000124267, -0.00143673, 0.55345, 0.982798, 0.00260284, 0.0296089, 0.55345, 0.982798, 0.00260284, 0.0296089)
reports[-1].CovMatrix = ['0.000337486','0.00153534','-0.00126512','1.33278e-06','6.45066e-07','-4.45211e-07','-1.00682e-07','1.79044e-06','-3.24892e-09','0','0','0','0.00153534','0.0249137','-0.019827','2.07399e-05','-1.40797e-06','2.75003e-06','1.31921e-05','-1.60005e-05','-1.19888e-08','0','0','0','-0.00126512','-0.019827','0.0162632','-1.60722e-05','7.58118e-07','-1.85545e-06','-1.02397e-05','1.2233e-05','1.04308e-08','0','0','0','1.33278e-06','2.07399e-05','-1.60722e-05','1.35659e-07','4.61635e-09','6.87307e-09','5.73242e-09','4.82252e-08','-1.26781e-10','0','0','0','6.45066e-07','-1.40797e-06','7.58118e-07','4.61635e-09','4.97331e-08','-3.88556e-08','-6.70116e-08','1.88609e-07','-1.80092e-10','0','0','0','-4.45211e-07','2.75003e-06','-1.85545e-06','6.87307e-09','-3.88556e-08','3.44641e-08','5.93267e-08','-1.51122e-07','1.2201e-10','0','0','0','-1.00682e-07','1.31921e-05','-1.02397e-05','5.73242e-09','-6.70116e-08','5.93267e-08','0.000114402','-2.69749e-07','2.14285e-10','0','0','0','1.79044e-06','-1.60005e-05','1.2233e-05','4.82252e-08','1.88609e-07','-1.51122e-07','-2.69749e-07','0.000363328','-6.89034e-10','0','0','0','-3.24892e-09','-1.19888e-08','1.04308e-08','-1.26781e-10','-1.80092e-10','1.2201e-10','2.14285e-10','-6.89034e-10','2.53572e-09','0','0','0','0','0','0','0','0','0','0','0','0','0','0','0','0','0','0','0','0','0','0','0','0','0','0','0','0','0','0','0','0','0','0','0','0','0','0','0']

reports.append(Report(577273856, ("DT", -2, 1, 10), "MBwhAst1sec10"))
reports[-1].posNum = 1392
reports[-1].negNum = 0
reports[-1].fittype = "6DOF"
reports[-1].add_parameters(ValErr(-0.0153594, 0.0173735, 0), \
                           ValErr(0.0666641, 0.154472, 0), \
                           ValErr(-0.00678276, 0.124479, 0), \
                           ValErr(0.000433427, 0.000362791, 0), \
                           ValErr(-0.000299149, 0.00021637, 0), \
                           ValErr(0.000373403, 0.000179303, 0), \
                           3227.07, 1392, 1392, -nan)
reports[-1].sigmax = ValErr(0.533236, 0.0101078, 0)
reports[-1].sigmay = ValErr(0.994395, 0.0188542, 0)
reports[-1].sigmadxdz = ValErr(0.00263019, 4.9876e-05, 0)
reports[-1].sigmadydz = ValErr(0, 0, 0)
reports[-1].add_stats(-0.0357962, 0.0427172, 0.000140789, -0.00313163, -0.0114203, 0.0512114, 0.000106909, -0.00136121, -0.0114203, 0.0512114, 0.000106909, -0.00136121, -0.0161748, 0.0285053, 0.000132219, -0.00144739, -0.0161748, 0.0285053, 0.000132219, -0.00144739, 0.533604, 0.995813, 0.00262931, 0.0287616, 0.533604, 0.995813, 0.00262931, 0.0287616)
reports[-1].CovMatrix = ['0.000301839','0.00144313','-0.00118635','1.31913e-06','4.94238e-07','-3.13811e-07','-1.51744e-06','9.15269e-07','6.02136e-09','0','0','0','0.00144313','0.0238616','-0.0189353','2.08206e-05','-1.42914e-06','2.75487e-06','-2.73913e-05','1.78953e-05','9.54933e-08','0','0','0','-0.00118635','-0.0189353','0.015495','-1.64572e-05','7.10459e-07','-1.83627e-06','2.23174e-05','-1.51312e-05','-7.54704e-08','0','0','0','1.31913e-06','2.08206e-05','-1.64572e-05','1.31617e-07','2.34943e-09','8.20025e-09','-2.85006e-08','-1.65002e-07','6.03448e-10','0','0','0','4.94238e-07','-1.42914e-06','7.10459e-07','2.34943e-09','4.68161e-08','-3.63376e-08','7.75618e-09','-1.80015e-08','1.15602e-11','0','0','0','-3.13811e-07','2.75487e-06','-1.83627e-06','8.20025e-09','-3.63376e-08','3.21495e-08','-8.86018e-09','1.98869e-09','4.07989e-11','0','0','0','-1.51744e-06','-2.73913e-05','2.23174e-05','-2.85006e-08','7.75618e-09','-8.86018e-09','0.000102167','-1.60882e-08','-1.31298e-10','0','0','0','9.15269e-07','1.78953e-05','-1.51312e-05','-1.65002e-07','-1.80015e-08','1.98869e-09','-1.60882e-08','0.000355486','-7.56137e-10','0','0','0','6.02136e-09','9.54933e-08','-7.54704e-08','6.03448e-10','1.15602e-11','4.07989e-11','-1.31298e-10','-7.56137e-10','2.48762e-09','0','0','0','0','0','0','0','0','0','0','0','0','0','0','0','0','0','0','0','0','0','0','0','0','0','0','0','0','0','0','0','0','0','0','0','0','0','0','0']

reports.append(Report(577536000, ("DT", -2, 1, 11), "MBwhAst1sec11"))
reports[-1].posNum = 1354
reports[-1].negNum = 0
reports[-1].fittype = "6DOF"
reports[-1].add_parameters(ValErr(-0.0328573, 0.0175352, 0), \
                           ValErr(-0.050267, 0.154768, 0), \
                           ValErr(0.054411, 0.124793, 0), \
                           ValErr(0.000295641, 0.000371692, 0), \
                           ValErr(-4.42186e-05, 0.000223158, 0), \
                           ValErr(0.000131889, 0.000184593, 0), \
                           3152.74, 1354, 1354, -nan)
reports[-1].sigmax = ValErr(0.529811, 0.010183, 0)
reports[-1].sigmay = ValErr(0.99132, 0.0190556, 0)
reports[-1].sigmadxdz = ValErr(0.00262858, 5.05312e-05, 0)
reports[-1].sigmadydz = ValErr(0, 0, 0)
reports[-1].add_stats(-0.0223219, 0.0303996, 0.000105531, -0.0015306, -0.027284, 0.0124016, 8.71819e-05, -0.000391812, -0.027284, 0.0124016, 8.71819e-05, -0.000391812, -0.0291384, 0.00275433, 8.47246e-05, -0.000193873, -0.0291384, 0.00275433, 8.47246e-05, -0.000193873, 0.529782, 0.992057, 0.00262816, 0.0292319, 0.529782, 0.992057, 0.00262816, 0.0292319)
reports[-1].CovMatrix = ['0.000307483','0.00145479','-0.00119714','1.2756e-06','5.9365e-07','-4.04105e-07','-1.79973e-06','1.58812e-06','5.69105e-09','0','0','0','0.00145479','0.0239532','-0.0190136','2.01951e-05','-9.75838e-07','2.3095e-06','-2.90989e-05','3.15384e-05','6.84313e-08','0','0','0','-0.00119714','-0.0190136','0.0155733','-1.57912e-05','3.72377e-07','-1.48373e-06','2.3817e-05','-2.61005e-05','-5.43154e-08','0','0','0','1.2756e-06','2.01951e-05','-1.57912e-05','1.38155e-07','5.52348e-09','6.23821e-09','-3.51348e-08','-1.09545e-07','4.92541e-10','0','0','0','5.9365e-07','-9.75838e-07','3.72377e-07','5.52348e-09','4.97994e-08','-3.86398e-08','-4.76354e-09','-3.47299e-08','1.18913e-10','0','0','0','-4.04105e-07','2.3095e-06','-1.48373e-06','6.23821e-09','-3.86398e-08','3.40747e-08','2.28153e-09','1.92962e-08','-6.08217e-11','0','0','0','-1.79973e-06','-2.90989e-05','2.3817e-05','-3.51348e-08','-4.76354e-09','2.28153e-09','0.000103694','-2.48366e-08','-1.33945e-10','0','0','0','1.58812e-06','3.15384e-05','-2.61005e-05','-1.09545e-07','-3.47299e-08','1.92962e-08','-2.48366e-08','0.000363119','-4.51977e-10','0','0','0','5.69105e-09','6.84313e-08','-5.43154e-08','4.92541e-10','1.18913e-10','-6.08217e-11','-1.33945e-10','-4.51977e-10','2.55341e-09','0','0','0','0','0','0','0','0','0','0','0','0','0','0','0','0','0','0','0','0','0','0','0','0','0','0','0','0','0','0','0','0','0','0','0','0','0','0','0']

reports.append(Report(577798144, ("DT", -2, 1, 12), "MBwhAst1sec12"))
reports[-1].posNum = 1375
reports[-1].negNum = 0
reports[-1].fittype = "6DOF"
reports[-1].add_parameters(ValErr(0.034673, 0.0176818, 0), \
                           ValErr(0.0504117, 0.153817, 0), \
                           ValErr(0.00850394, 0.124108, 0), \
                           ValErr(0.000114864, 0.000368552, 0), \
                           ValErr(-0.000164727, 0.000219925, 0), \
                           ValErr(3.39892e-05, 0.000182596, 0), \
                           3177.57, 1375, 1375, -nan)
reports[-1].sigmax = ValErr(0.535305, 0.01021, 0)
reports[-1].sigmay = ValErr(0.994192, 0.0189667, 0)
reports[-1].sigmadxdz = ValErr(0.00263988, 5.03657e-05, 0)
reports[-1].sigmadydz = ValErr(0, 0, 0)
reports[-1].add_stats(0.0352282, 0.0675392, -0.000136552, -0.0023852, 0.0363524, 0.0585854, -0.000139435, -0.000917449, 0.0363524, 0.0585854, -0.000139435, -0.000917449, 0.0348523, 0.059599, -0.000101191, -0.00126229, 0.0348523, 0.059599, -0.000101191, -0.00126229, 0.535306, 0.994444, 0.00263939, 0.0292298, 0.535306, 0.994444, 0.00263939, 0.0292298)
reports[-1].CovMatrix = ['0.000312646','0.00147047','-0.00121','1.28753e-06','6.05692e-07','-4.12317e-07','-1.84542e-06','1.66109e-06','5.66594e-09','0','0','0','0.00147047','0.0236597','-0.0187922','1.99495e-05','-1.11225e-06','2.45381e-06','-3.1675e-05','2.93119e-05','8.60556e-08','0','0','0','-0.00121','-0.0187922','0.0154029','-1.54964e-05','5.69846e-07','-1.66308e-06','2.58842e-05','-2.48853e-05','-6.68985e-08','0','0','0','1.28753e-06','1.99495e-05','-1.54964e-05','1.35831e-07','4.55247e-09','7.06834e-09','-3.04292e-08','-1.54656e-07','5.8835e-10','0','0','0','6.05692e-07','-1.11225e-06','5.69846e-07','4.55247e-09','4.83668e-08','-3.76039e-08','6.55561e-09','-2.21891e-08','2.97003e-11','0','0','0','-4.12317e-07','2.45381e-06','-1.66308e-06','7.06834e-09','-3.76039e-08','3.33414e-08','-7.86062e-09','5.81041e-09','2.51612e-11','0','0','0','-1.84542e-06','-3.1675e-05','2.58842e-05','-3.04292e-08','6.55561e-09','-7.86062e-09','0.000104246','-3.69485e-08','-1.30476e-10','0','0','0','1.66109e-06','2.93119e-05','-2.48853e-05','-1.54656e-07','-2.21891e-08','5.81041e-09','-3.69485e-08','0.00035974','-6.7304e-10','0','0','0','5.66594e-09','8.60556e-08','-6.68985e-08','5.8835e-10','2.97003e-11','2.51612e-11','-1.30476e-10','-6.7304e-10','2.53671e-09','0','0','0','0','0','0','0','0','0','0','0','0','0','0','0','0','0','0','0','0','0','0','0','0','0','0','0','0','0','0','0','0','0','0','0','0','0','0','0']

reports.append(Report(579108864, ("DT", -2, 2, 1), "MBwhAst2sec01"))
reports[-1].posNum = 1468
reports[-1].negNum = 0
reports[-1].fittype = "6DOF"
reports[-1].add_parameters(ValErr(0.0271596, 0.0203634, 0), \
                           ValErr(-0.177615, 0.164495, 0), \
                           ValErr(0.162918, 0.156318, 0), \
                           ValErr(0.000163416, 0.000452452, 0), \
                           ValErr(-0.000164231, 0.000220209, 0), \
                           ValErr(3.86104e-05, 0.000212678, 0), \
                           2545.08, 1468, 1468, -nan)
reports[-1].sigmax = ValErr(0.738799, 0.0136591, 0)
reports[-1].sigmay = ValErr(1.22992, 0.0226856, 0)
reports[-1].sigmadxdz = ValErr(0.00275388, 5.05464e-05, 0)
reports[-1].sigmadydz = ValErr(0, 0, 0)
reports[-1].add_stats(0.0255256, 0.00659668, -0.000134198, -0.0015773, 0.0220498, -0.00903554, -0.000116769, -0.00189463, 0.0220498, -0.00903554, -0.000116769, -0.00189463, 0.025722, -0.00436805, -0.000119564, -0.00211585, 0.025722, -0.00436805, -0.000119564, -0.00211585, 0.739055, 1.23015, 0.00275414, 0.0234552, 0.739055, 1.23015, 0.00275414, 0.0234552)
reports[-1].CovMatrix = ['0.000414668','-0.00098998','0.000960541','-8.51134e-07','4.82853e-07','-4.27719e-07','-1.86716e-06','6.12819e-07','3.0542e-09','0','0','0','-0.00098998','0.0270585','-0.0252197','2.11882e-05','5.59667e-07','-1.31918e-06','3.03193e-05','-3.35712e-06','-1.46436e-08','0','0','0','0.000960541','-0.0252197','0.0244354','-2.05967e-05','-4.23034e-07','1.16535e-06','-2.9636e-05','3.95641e-06','1.43399e-08','0','0','0','-8.51134e-07','2.11882e-05','-2.05967e-05','2.04713e-07','-3.94285e-09','-4.3032e-09','4.35907e-08','1.84936e-08','-1.33666e-10','0','0','0','4.82853e-07','5.59667e-07','-4.23034e-07','-3.94285e-09','4.8492e-08','-4.42307e-08','-1.29959e-08','2.0242e-08','4.23158e-11','0','0','0','-4.27719e-07','-1.31918e-06','1.16535e-06','-4.3032e-09','-4.42307e-08','4.52318e-08','1.17005e-08','-2.13395e-08','-4.5494e-11','0','0','0','-1.86716e-06','3.03193e-05','-2.9636e-05','4.35907e-08','-1.29959e-08','1.17005e-08','0.000186572','-8.3667e-07','1.0418e-09','0','0','0','6.12819e-07','-3.35712e-06','3.95641e-06','1.84936e-08','2.0242e-08','-2.13395e-08','-8.3667e-07','0.000514643','-2.63114e-10','0','0','0','3.0542e-09','-1.46436e-08','1.43399e-08','-1.33666e-10','4.23158e-11','-4.5494e-11','1.0418e-09','-2.63114e-10','2.55495e-09','0','0','0','0','0','0','0','0','0','0','0','0','0','0','0','0','0','0','0','0','0','0','0','0','0','0','0','0','0','0','0','0','0','0','0','0','0','0','0']

reports.append(Report(579371008, ("DT", -2, 2, 2), "MBwhAst2sec02"))
reports[-1].posNum = 1446
reports[-1].negNum = 0
reports[-1].fittype = "6DOF"
reports[-1].add_parameters(ValErr(0.015823, 0.0191609, 0), \
                           ValErr(0.252034, 0.153775, 0), \
                           ValErr(-0.211143, 0.146184, 0), \
                           ValErr(0.000211646, 0.00043215, 0), \
                           ValErr(-0.000362239, 0.000211377, 0), \
                           ValErr(0.000249482, 0.000204533, 0), \
                           2706.53, 1446, 1446, -nan)
reports[-1].sigmax = ValErr(0.695782, 0.0129388, 0)
reports[-1].sigmay = ValErr(1.18773, 0.022088, 0)
reports[-1].sigmadxdz = ValErr(0.00263763, 4.90481e-05, 0)
reports[-1].sigmadydz = ValErr(0, 0, 0)
reports[-1].add_stats(0.0391799, 0.0806032, -9.12639e-05, -0.00156834, 0.0271352, 0.0368021, -0.000104317, -0.00174627, 0.0271352, 0.0368021, -0.000104317, -0.00174627, 0.0338771, 0.053473, -0.000176821, -0.00199619, 0.0338771, 0.053473, -0.000176821, -0.00199619, 0.696286, 1.18865, 0.00263741, 0.0232093, 0.696286, 1.18865, 0.00263741, 0.0232093)
reports[-1].CovMatrix = ['0.000367139','-0.000746066','0.000728487','-6.08471e-07','5.75639e-07','-5.38227e-07','1.7473e-07','3.84292e-07','-8.76266e-10','0','0','0','-0.000746066','0.0236469','-0.0220093','1.84463e-05','1.76836e-07','-7.42954e-07','-3.64582e-06','5.37191e-06','2.2412e-09','0','0','0','0.000728487','-0.0220093','0.0213697','-1.7568e-05','1.30394e-07','4.15989e-07','3.5857e-06','-4.66516e-06','-2.55076e-09','0','0','0','-6.08471e-07','1.84463e-05','-1.7568e-05','1.86754e-07','-5.62343e-09','-1.16381e-09','4.84076e-08','-9.20588e-08','3.1578e-11','0','0','0','5.75639e-07','1.76836e-07','1.30394e-07','-5.62343e-09','4.468e-08','-4.08315e-08','-9.78923e-09','4.41294e-08','-5.87381e-11','0','0','0','-5.38227e-07','-7.42954e-07','4.15989e-07','-1.16381e-09','-4.08315e-08','4.18336e-08','6.98026e-09','-3.90189e-08','5.9933e-11','0','0','0','1.7473e-07','-3.64582e-06','3.5857e-06','4.84076e-08','-9.78923e-09','6.98026e-09','0.000167415','-3.67708e-08','1.83981e-11','0','0','0','3.84292e-07','5.37191e-06','-4.66516e-06','-9.20588e-08','4.41294e-08','-3.90189e-08','-3.67708e-08','0.000487887','-7.19222e-11','0','0','0','-8.76266e-10','2.2412e-09','-2.55076e-09','3.1578e-11','-5.87381e-11','5.9933e-11','1.83981e-11','-7.19222e-11','2.40573e-09','0','0','0','0','0','0','0','0','0','0','0','0','0','0','0','0','0','0','0','0','0','0','0','0','0','0','0','0','0','0','0','0','0','0','0','0','0','0','0']

reports.append(Report(579633152, ("DT", -2, 2, 3), "MBwhAst2sec03"))
reports[-1].posNum = 1422
reports[-1].negNum = 0
reports[-1].fittype = "6DOF"
reports[-1].add_parameters(ValErr(-0.03679, 0.0208321, 0), \
                           ValErr(-0.0145209, 0.16693, 0), \
                           ValErr(-0.00250223, 0.158472, 0), \
                           ValErr(0.000175016, 0.000462567, 0), \
                           ValErr(0.00024282, 0.000227409, 0), \
                           ValErr(-0.00010085, 0.000219502, 0), \
                           2412.35, 1422, 1422, -nan)
reports[-1].sigmax = ValErr(0.745005, 0.0139751, 0)
reports[-1].sigmay = ValErr(1.25068, 0.0234669, 0)
reports[-1].sigmadxdz = ValErr(0.00278754, 5.22759e-05, 0)
reports[-1].sigmadydz = ValErr(0, 0, 0)
reports[-1].add_stats(-0.0274611, -0.00270508, 8.53572e-05, -0.000126732, -0.0387599, -0.0174374, 0.000136904, -0.000207522, -0.0387599, -0.0174374, 0.000136904, -0.000207522, -0.0610774, -0.0222487, 0.000216009, -0.000242723, -0.0610774, -0.0222487, 0.000216009, -0.000242723, 0.744904, 1.25138, 0.00278768, 0.0236626, 0.744904, 1.25138, 0.00278768, 0.0236626)
