nan = None;  NAN = None
nan = 0
reports = []
class ValErr:
    def __init__(self, value, error, antisym):
        self.value, self.error, self.antisym = value, error, antisym

    def __repr__(self):
        if self.antisym == 0.:
            return "%g +- %g" % (self.value, self.error)
        else:
            return "%g +- %g ~ %g" % (self.value, self.error, self.antisym)

class Report:
    def __init__(self, chamberId, postal_address, name):
        self.chamberId, self.postal_address, self.name = chamberId, postal_address, name
        self.status = "NOFIT"
        self.fittype = None
        self.CovMatrix = None

    def add_parameters(self, deltax, deltay, deltaz, deltaphix, deltaphiy, deltaphiz, loglikelihood, numsegments, sumofweights, redchi2):
        self.status = "PASS"
        self.deltax, self.deltay, self.deltaz, self.deltaphix, self.deltaphiy, self.deltaphiz = deltax, deltay, deltaz, deltaphix, deltaphiy, deltaphiz
        self.loglikelihood, self.numsegments, self.sumofweights, self.redchi2 = loglikelihood, numsegments, sumofweights, redchi2

    def add_stats(self, median_x, median_y, median_dxdz, median_dydz, mean30_x, mean30_y, mean20_dxdz, mean50_dydz, mean15_x, mean15_y, mean10_dxdz, mean25_dydz, wmean30_x, wmean30_y, wmean20_dxdz, wmean50_dydz, wmean15_x, wmean15_y, wmean10_dxdz, wmean25_dydz, stdev30_x, stdev30_y, stdev20_dxdz, stdev50_dydz, stdev15_x, stdev15_y, stdev10_dxdz, stdev25_dydz):
        self.median_x, self.median_y, self.median_dxdz, self.median_dydz, self.mean30_x, self.mean30_y, self.mean20_dxdz, self.mean50_dydz, self.mean15_x, self.mean15_y, self.mean10_dxdz, self.mean25_dydz, self.wmean30_x, self.wmean30_y, self.wmean20_dxdz, self.wmean50_dydz, self.wmean15_x, self.wmean15_y, self.wmean10_dxdz, self.wmean25_dydz, self.stdev30_x, self.stdev30_y, self.stdev20_dxdz, self.stdev50_dydz, self.stdev15_x, self.stdev15_y, self.stdev10_dxdz, self.stdev25_dydz = median_x, median_y, median_dxdz, median_dydz, mean30_x, mean30_y, mean20_dxdz, mean50_dydz, mean15_x, mean15_y, mean10_dxdz, mean25_dydz, wmean30_x, wmean30_y, wmean20_dxdz, wmean50_dydz, wmean15_x, wmean15_y, wmean10_dxdz, wmean25_dydz, stdev30_x, stdev30_y, stdev20_dxdz, stdev50_dydz, stdev15_x, stdev15_y, stdev10_dxdz, stdev25_dydz

    def __repr__(self):
        return "<Report %s %s %s>" % (self.postal_address[0], " ".join(map(str, self.postal_address[1:])), self.status)

reports.append(Report(574914560, ("DT", -2, 1, 1), "MBwhAst1sec01"))
reports[-1].posNum = 5720
reports[-1].negNum = 0
reports[-1].fittype = "6DOF"
reports[-1].add_parameters(ValErr(-0.00452679, 0.00665559, 0), \
                           ValErr(0.0288146, 0.0214734, 0), \
                           ValErr(-0.013639, 0.0168061, 0), \
                           ValErr(4.77238e-05, 0.000166206, 0), \
                           ValErr(-0.000181582, 0.000107119, 0), \
                           ValErr(0.000148126, 8.95158e-05, 0), \
                           13211.3, 5720, 5720, -nan)
reports[-1].sigmax = ValErr(0.546077, 0.00500027, 0)
reports[-1].sigmay = ValErr(0.983494, 0.00900959, 0)
reports[-1].sigmadxdz = ValErr(0.00261936, 2.37883e-05, 0)
reports[-1].sigmadydz = ValErr(0, 0, 0)
reports[-1].add_stats(-0.00218034, 0.014058, -1.71598e-05, -0.00168075, -0.00324856, 0.010218, -1.0212e-05, -9.21108e-05, -0.00324856, 0.010218, -1.0212e-05, -9.21108e-05, -0.00395587, 0.0180371, 4.03262e-06, -0.000597325, -0.00395587, 0.0180371, 4.03262e-06, -0.000597325, 0.546144, 0.983615, 0.00261931, 0.0283136, 0.546144, 0.983615, 0.00261931, 0.0283136)
reports[-1].CovMatrix = ['4.42969e-05','-9.41311e-06','4.64235e-06','-3.13949e-08','6.30006e-08','-5.83772e-08','9.98475e-08','-1.55004e-07','1.57399e-09','0','0','0','-9.41311e-06','0.000461109','-0.000292029','1.10976e-07','-1.34551e-06','1.10374e-06','6.15845e-07','1.35625e-06','2.93659e-09','0','0','0','4.64235e-06','-0.000292029','0.000282444','5.6878e-08','1.01228e-06','-8.17794e-07','-3.0588e-07','2.43265e-07','2.95496e-09','0','0','0','-3.13949e-08','1.10976e-07','5.6878e-08','2.76243e-08','7.71234e-11','2.16069e-09','-1.80677e-08','-2.60398e-08','-2.22476e-11','0','0','0','6.30006e-08','-1.34551e-06','1.01228e-06','7.71234e-11','1.14744e-08','-9.00053e-09','-1.62325e-09','5.14925e-11','-3.61979e-12','0','0','0','-5.83772e-08','1.10374e-06','-8.17794e-07','2.16069e-09','-9.00053e-09','8.01307e-09','-8.24287e-10','-4.22618e-09','-2.41238e-12','0','0','0','9.98475e-08','6.15845e-07','-3.0588e-07','-1.80677e-08','-1.62325e-09','-8.24287e-10','2.50028e-05','-1.25578e-06','-1.45314e-09','0','0','0','-1.55004e-07','1.35625e-06','2.43265e-07','-2.60398e-08','5.14925e-11','-4.22618e-09','-1.25578e-06','8.11729e-05','-8.11242e-09','0','0','0','1.57399e-09','2.93659e-09','2.95496e-09','-2.22476e-11','-3.61979e-12','-2.41238e-12','-1.45314e-09','-8.11242e-09','5.65882e-10','0','0','0','0','0','0','0','0','0','0','0','0','0','0','0','0','0','0','0','0','0','0','0','0','0','0','0','0','0','0','0','0','0','0','0','0','0','0','0']

reports.append(Report(575176704, ("DT", -2, 1, 2), "MBwhAst1sec02"))
reports[-1].posNum = 5711
reports[-1].negNum = 0
reports[-1].fittype = "6DOF"
reports[-1].add_parameters(ValErr(-0.00338432, 0.00871658, 0), \
                           ValErr(0.00441493, 0.075384, 0), \
                           ValErr(-0.00151537, 0.0608471, 0), \
                           ValErr(0.000130046, 0.000178821, 0), \
                           ValErr(-0.000227692, 0.000107717, 0), \
                           ValErr(0.000204052, 8.9297e-05, 0), \
                           13404.2, 5711, 5711, -nan)
reports[-1].sigmax = ValErr(0.530997, 0.00496846, 0)
reports[-1].sigmay = ValErr(0.987667, 0.00924159, 0)
reports[-1].sigmadxdz = ValErr(0.0025838, 2.41771e-05, 0)
reports[-1].sigmadydz = ValErr(0, 0, 0)
reports[-1].add_stats(-0.0112676, -0.00634334, 1.94609e-06, -0.00253297, -0.000373994, -0.000239237, 2.21139e-06, -0.00131341, -0.000373994, -0.000239237, 2.21139e-06, -0.00131341, 0.0058938, -0.00557914, -3.07737e-05, -0.00128566, 0.0058938, -0.00557914, -3.07737e-05, -0.00128566, 0.531073, 0.988057, 0.00258367, 0.0293466, 0.531073, 0.988057, 0.00258367, 0.0293466)
reports[-1].CovMatrix = ['7.59788e-05','0.000366864','-0.000301586','3.17055e-07','1.43826e-07','-9.6055e-08','-1.07132e-08','1.81185e-08','2.42586e-10','0','0','0','0.000366864','0.00568275','-0.00451645','4.77171e-06','-1.72744e-07','5.19986e-07','-4.50177e-07','-4.9135e-07','5.34098e-09','0','0','0','-0.000301586','-0.00451645','0.00370237','-3.72798e-06','8.0404e-08','-3.60825e-07','3.64082e-07','4.04777e-07','-4.13382e-09','0','0','0','3.17055e-07','4.77171e-06','-3.72798e-06','3.1977e-08','1.2784e-09','1.59723e-09','-1.60386e-09','-7.56041e-09','3.42182e-11','0','0','0','1.43826e-07','-1.72744e-07','8.0404e-08','1.2784e-09','1.16029e-08','-9.01745e-09','-5.73023e-10','3.76591e-09','-6.24764e-12','0','0','0','-9.6055e-08','5.19986e-07','-3.60825e-07','1.59723e-09','-9.01745e-09','7.97396e-09','2.98701e-10','-3.68969e-09','8.57471e-12','0','0','0','-1.07132e-08','-4.50177e-07','3.64082e-07','-1.60386e-09','-5.73023e-10','2.98701e-10','2.46856e-05','1.71181e-10','-1.40553e-12','0','0','0','1.81185e-08','-4.9135e-07','4.04777e-07','-7.56041e-09','3.76591e-09','-3.68969e-09','1.71181e-10','8.54072e-05','-1.09049e-11','0','0','0','2.42586e-10','5.34098e-09','-4.13382e-09','3.42182e-11','-6.24764e-12','8.57471e-12','-1.40553e-12','-1.09049e-11','5.84532e-10','0','0','0','0','0','0','0','0','0','0','0','0','0','0','0','0','0','0','0','0','0','0','0','0','0','0','0','0','0','0','0','0','0','0','0','0','0','0','0']

reports.append(Report(575438848, ("DT", -2, 1, 3), "MBwhAst1sec03"))
reports[-1].posNum = 5778
reports[-1].negNum = 0
reports[-1].fittype = "6DOF"
reports[-1].add_parameters(ValErr(-0.0237164, 0.00884276, 0), \
                           ValErr(0.00130388, 0.0774281, 0), \
                           ValErr(0.00582699, 0.0624801, 0), \
                           ValErr(7.75705e-05, 0.000181788, 0), \
                           ValErr(3.76588e-05, 0.000108794, 0), \
                           ValErr(5.60354e-05, 9.01457e-05, 0), \
                           13090.5, 5778, 5778, -nan)
reports[-1].sigmax = ValErr(0.551946, 0.00513495, 0)
reports[-1].sigmay = ValErr(0.992027, 0.00922965, 0)
reports[-1].sigmadxdz = ValErr(0.00268504, 2.49776e-05, 0)
reports[-1].sigmadydz = ValErr(0, 0, 0)
reports[-1].add_stats(-0.0174661, 0.00112333, 7.21612e-05, -0.00157051, -0.0228763, 0.00769162, 0.000105749, 6.6271e-05, -0.0228763, 0.00769162, 0.000105749, 6.6271e-05, -0.0200499, 0.00966318, 8.46718e-05, -0.000118115, -0.0200499, 0.00966318, 8.46718e-05, -0.000118115, 0.551903, 0.992039, 0.00268498, 0.0287762, 0.551903, 0.992039, 0.00268498, 0.0287762)
reports[-1].CovMatrix = ['7.81943e-05','0.000368134','-0.000302758','3.29512e-07','1.41412e-07','-9.41067e-08','-5.95124e-08','2.28989e-07','-9.26449e-11','0','0','0','0.000368134','0.00599511','-0.00476722','5.17321e-06','-2.52787e-07','6.00281e-07','2.06531e-07','6.25091e-08','7.24832e-10','0','0','0','-0.000302758','-0.00476722','0.00390376','-4.05696e-06','1.07988e-07','-3.9643e-07','-1.03246e-07','-1.22249e-07','-4.8696e-10','0','0','0','3.29512e-07','5.17321e-06','-4.05696e-06','3.30468e-08','1.17055e-09','1.63546e-09','1.18714e-10','1.50766e-09','1.99455e-12','0','0','0','1.41412e-07','-2.52787e-07','1.07988e-07','1.17055e-09','1.18361e-08','-9.18382e-09','-6.92929e-09','1.68608e-08','-1.11809e-11','0','0','0','-9.41067e-08','6.00281e-07','-3.9643e-07','1.63546e-09','-9.18382e-09','8.12625e-09','6.06535e-09','-1.3655e-08','7.88343e-12','0','0','0','-5.95124e-08','2.06531e-07','-1.03246e-07','1.18714e-10','-6.92929e-09','6.06535e-09','2.63678e-05','-1.03165e-08','5.81727e-12','0','0','0','2.28989e-07','6.25091e-08','-1.22249e-07','1.50766e-09','1.68608e-08','-1.3655e-08','-1.03165e-08','8.51867e-05','-1.52236e-11','0','0','0','-9.26449e-11','7.24832e-10','-4.8696e-10','1.99455e-12','-1.11809e-11','7.88343e-12','5.81727e-12','-1.52236e-11','6.23882e-10','0','0','0','0','0','0','0','0','0','0','0','0','0','0','0','0','0','0','0','0','0','0','0','0','0','0','0','0','0','0','0','0','0','0','0','0','0','0','0']

reports.append(Report(575700992, ("DT", -2, 1, 4), "MBwhAst1sec04"))
reports[-1].posNum = 5825
reports[-1].negNum = 0
reports[-1].fittype = "6DOF"
reports[-1].add_parameters(ValErr(-0.00350663, 0.0087176, 0), \
                           ValErr(-0.0914577, 0.0762893, 0), \
                           ValErr(0.105857, 0.0615722, 0), \
                           ValErr(6.96293e-05, 0.000177814, 0), \
                           ValErr(-9.36211e-05, 0.00010617, 0), \
                           ValErr(5.66232e-05, 8.7989e-05, 0), \
                           13608.5, 5825, 5825, -nan)
reports[-1].sigmax = ValErr(0.541006, 0.00501271, 0)
reports[-1].sigmay = ValErr(0.971536, 0.00900279, 0)
reports[-1].sigmadxdz = ValErr(0.00260625, 2.41513e-05, 0)
reports[-1].sigmadydz = ValErr(0, 0, 0)
reports[-1].add_stats(0.00849103, 0.0374091, -4.85325e-05, -0.00208924, 0.00586926, 0.0357031, -3.71256e-05, -0.000351758, 0.00586926, 0.0357031, -3.71256e-05, -0.000351758, 0.0175391, 0.0353105, -8.56086e-05, -0.000655772, 0.0175391, 0.0353105, -8.56086e-05, -0.000655772, 0.541222, 0.971399, 0.0026066, 0.028834, 0.541222, 0.971399, 0.0026066, 0.028834)
reports[-1].CovMatrix = ['7.59966e-05','0.000367049','-0.000301531','3.2855e-07','1.31039e-07','-8.45677e-08','3.30255e-07','-3.20708e-07','-4.92298e-10','0','0','0','0.000367049','0.00582006','-0.00463048','5.03918e-06','-2.03822e-07','5.59482e-07','4.29564e-06','-2.29804e-06','-1.26293e-08','0','0','0','-0.000301531','-0.00463048','0.00379113','-3.9686e-06','8.70196e-08','-3.80092e-07','-3.51469e-06','2.16711e-06','9.77757e-09','0','0','0','3.2855e-07','5.03918e-06','-3.9686e-06','3.16178e-08','1.0821e-09','1.65612e-09','6.52991e-09','1.82149e-08','-7.38227e-11','0','0','0','1.31039e-07','-2.03822e-07','8.70196e-08','1.0821e-09','1.1272e-08','-8.75085e-09','1.78823e-09','-1.16237e-08','2.32589e-11','0','0','0','-8.45677e-08','5.59482e-07','-3.80092e-07','1.65612e-09','-8.75085e-09','7.74207e-09','-1.02353e-09','1.09785e-08','-2.4069e-11','0','0','0','3.30255e-07','4.29564e-06','-3.51469e-06','6.52991e-09','1.78823e-09','-1.02353e-09','2.51273e-05','-1.91346e-09','-1.16573e-11','0','0','0','-3.20708e-07','-2.29804e-06','2.16711e-06','1.82149e-08','-1.16237e-08','1.09785e-08','-1.91346e-09','8.10505e-05','-7.06304e-11','0','0','0','-4.92298e-10','-1.26293e-08','9.77757e-09','-7.38227e-11','2.32589e-11','-2.4069e-11','-1.16573e-11','-7.06304e-11','5.83284e-10','0','0','0','0','0','0','0','0','0','0','0','0','0','0','0','0','0','0','0','0','0','0','0','0','0','0','0','0','0','0','0','0','0','0','0','0','0','0','0']

reports.append(Report(575963136, ("DT", -2, 1, 5), "MBwhAst1sec05"))
reports[-1].posNum = 5671
reports[-1].negNum = 0
reports[-1].fittype = "6DOF"
reports[-1].add_parameters(ValErr(-0.0081213, 0.00846678, 0), \
                           ValErr(-0.132324, 0.0756358, 0), \
                           ValErr(0.101642, 0.0610674, 0), \
                           ValErr(0.000166233, 0.000177935, 0), \
                           ValErr(4.93683e-05, 0.000106519, 0), \
                           ValErr(-3.46607e-05, 8.83138e-05, 0), \
                           13187, 5671, 5671, -nan)
reports[-1].sigmax = ValErr(0.544667, 0.0051125, 0)
reports[-1].sigmay = ValErr(0.963693, 0.00893265, 0)
reports[-1].sigmadxdz = ValErr(0.00263839, 2.4645e-05, 0)
reports[-1].sigmadydz = ValErr(0, 0, 0)
reports[-1].add_stats(0.00328684, -0.0135834, 5.45589e-06, -0.00256588, -0.000705363, -0.00988985, -1.10687e-05, -0.00126537, -0.000705363, -0.00988985, -1.10687e-05, -0.00126537, 0.0039192, -0.0108354, -2.94997e-05, -0.00138356, 0.0039192, -0.0108354, -2.94997e-05, -0.00138356, 0.544837, 0.963764, 0.00263866, 0.0289669, 0.544837, 0.963764, 0.00263866, 0.0289669)
reports[-1].CovMatrix = ['7.16863e-05','0.000367208','-0.000301956','3.20322e-07','1.38723e-07','-9.2508e-08','3.90119e-07','-7.87868e-08','-9.86751e-10','0','0','0','0.000367208','0.00572077','-0.00455135','4.93169e-06','-2.09502e-07','5.50094e-07','2.62609e-06','-9.86918e-07','-2.71879e-09','0','0','0','-0.000301956','-0.00455135','0.00372922','-3.87024e-06','9.60153e-08','-3.75058e-07','-2.16541e-06','4.38023e-07','2.20055e-09','0','0','0','3.20322e-07','4.93169e-06','-3.87024e-06','3.16608e-08','1.2047e-09','1.56282e-09','7.14987e-10','-1.23984e-08','-4.40053e-11','0','0','0','1.38723e-07','-2.09502e-07','9.60153e-08','1.2047e-09','1.13463e-08','-8.79179e-09','3.8532e-09','1.1352e-08','7.44444e-12','0','0','0','-9.2508e-08','5.50094e-07','-3.75058e-07','1.56282e-09','-8.79179e-09','7.79932e-09','-3.39285e-09','-1.15157e-08','-9.22856e-12','0','0','0','3.90119e-07','2.62609e-06','-2.16541e-06','7.14987e-10','3.8532e-09','-3.39285e-09','2.61377e-05','6.83016e-08','1.39335e-11','0','0','0','-7.87868e-08','-9.86918e-07','4.38023e-07','-1.23984e-08','1.1352e-08','-1.15157e-08','6.83016e-08','7.97925e-05','3.64212e-09','0','0','0','-9.86751e-10','-2.71879e-09','2.20055e-09','-4.40053e-11','7.44444e-12','-9.22856e-12','1.39335e-11','3.64212e-09','6.07374e-10','0','0','0','0','0','0','0','0','0','0','0','0','0','0','0','0','0','0','0','0','0','0','0','0','0','0','0','0','0','0','0','0','0','0','0','0','0','0','0']

reports.append(Report(576225280, ("DT", -2, 1, 6), "MBwhAst1sec06"))
reports[-1].posNum = 5643
reports[-1].negNum = 0
reports[-1].fittype = "6DOF"
reports[-1].add_parameters(ValErr(0.00826078, 0.0091547, 0), \
                           ValErr(0.013414, 0.0785571, 0), \
                           ValErr(0.0187137, 0.0635117, 0), \
                           ValErr(0.000202381, 0.000183564, 0), \
                           ValErr(-8.60767e-05, 0.000109328, 0), \
                           ValErr(7.5144e-05, 9.12968e-05, 0), \
                           12850, 5643, 5643, -nan)
reports[-1].sigmax = ValErr(0.553175, 0.00520723, 0)
reports[-1].sigmay = ValErr(0.989541, 0.00931525, 0)
reports[-1].sigmadxdz = ValErr(0.00265483, 2.49912e-05, 0)
reports[-1].sigmadydz = ValErr(0, 0, 0)
reports[-1].add_stats(0.0138454, 0.0245328, -8.25088e-06, -0.00308938, 0.0108853, 0.0334375, -2.17666e-05, -0.00125306, 0.0108853, 0.0334375, -2.17666e-05, -0.00125306, 0.00594546, 0.0354434, 9.71311e-06, -0.00165671, 0.00594546, 0.0354434, 9.71311e-06, -0.00165671, 0.553203, 0.989684, 0.00265484, 0.0291891, 0.553203, 0.989684, 0.00265484, 0.0291891)
reports[-1].CovMatrix = ['8.38085e-05','0.000401681','-0.000330389','3.59206e-07','1.54908e-07','-1.02368e-07','-6.57971e-08','-1.03309e-08','5.47508e-10','0','0','0','0.000401681','0.00617122','-0.00491727','5.36695e-06','-2.87548e-07','6.72184e-07','-2.16909e-06','-2.47987e-06','5.8191e-09','0','0','0','-0.000330389','-0.00491727','0.00403374','-4.16956e-06','1.73868e-07','-4.81198e-07','1.75549e-06','1.97892e-06','-4.56713e-09','0','0','0','3.59206e-07','5.36695e-06','-4.16956e-06','3.36957e-08','8.44765e-10','2.09146e-09','-2.29655e-09','7.8588e-09','3.91125e-11','0','0','0','1.54908e-07','-2.87548e-07','1.73868e-07','8.44765e-10','1.19526e-08','-9.3406e-09','3.29052e-09','1.04297e-08','1.28796e-11','0','0','0','-1.02368e-07','6.72184e-07','-4.81198e-07','2.09146e-09','-9.3406e-09','8.3351e-09','-3.12588e-09','-7.91608e-09','-5.70345e-12','0','0','0','-6.57971e-08','-2.16909e-06','1.75549e-06','-2.29655e-09','3.29052e-09','-3.12588e-09','2.71153e-05','3.55974e-09','1.43132e-13','0','0','0','-1.03309e-08','-2.47987e-06','1.97892e-06','7.8588e-09','1.04297e-08','-7.91608e-09','3.55974e-09','8.67742e-05','1.87961e-11','0','0','0','5.47508e-10','5.8191e-09','-4.56713e-09','3.91125e-11','1.28796e-11','-5.70345e-12','1.43132e-13','1.87961e-11','6.24562e-10','0','0','0','0','0','0','0','0','0','0','0','0','0','0','0','0','0','0','0','0','0','0','0','0','0','0','0','0','0','0','0','0','0','0','0','0','0','0','0']

reports.append(Report(576487424, ("DT", -2, 1, 7), "MBwhAst1sec07"))
reports[-1].posNum = 5762
reports[-1].negNum = 0
reports[-1].fittype = "6DOF"
reports[-1].add_parameters(ValErr(0.00262435, 0.00892078, 0), \
                           ValErr(0.0461762, 0.0775901, 0), \
                           ValErr(-0.0202603, 0.0626466, 0), \
                           ValErr(6.29868e-05, 0.00018027, 0), \
                           ValErr(2.83252e-05, 0.000108391, 0), \
                           ValErr(-2.05079e-05, 8.99387e-05, 0), \
                           13257.6, 5762, 5762, -nan)
reports[-1].sigmax = ValErr(0.546851, 0.00509422, 0)
reports[-1].sigmay = ValErr(0.991749, 0.0092391, 0)
reports[-1].sigmadxdz = ValErr(0.00261678, 2.43766e-05, 0)
reports[-1].sigmadydz = ValErr(0, 0, 0)
reports[-1].add_stats(0.00108384, 0.0396062, 3.02354e-05, -0.00281708, 0.000580832, 0.0213574, 1.57605e-06, -0.00138422, 0.000580832, 0.0213574, 1.57605e-06, -0.00138422, 0.00548443, 0.0252467, -2.11931e-05, -0.00147723, 0.00548443, 0.0252467, -2.11931e-05, -0.00147723, 0.546863, 0.991743, 0.00261679, 0.0287507, 0.546863, 0.991743, 0.00261679, 0.0287507)
reports[-1].CovMatrix = ['7.95803e-05','0.00038652','-0.000317577','3.43018e-07','1.39359e-07','-9.0127e-08','-2.27223e-08','1.12821e-07','5.7531e-11','0','0','0','0.00038652','0.00602022','-0.00479037','5.16448e-06','-2.32215e-07','6.00942e-07','-4.64959e-08','-3.02222e-07','2.97493e-09','0','0','0','-0.000317577','-0.00479037','0.0039246','-4.05549e-06','1.20755e-07','-4.2104e-07','7.99012e-08','1.97441e-07','-2.28034e-09','0','0','0','3.43018e-07','5.16448e-06','-4.05549e-06','3.24971e-08','1.08891e-09','1.76621e-09','2.98294e-09','-9.0939e-09','1.64066e-11','0','0','0','1.39359e-07','-2.32215e-07','1.20755e-07','1.08891e-09','1.17487e-08','-9.1405e-09','-3.18796e-09','9.87679e-09','-1.00755e-11','0','0','0','-9.0127e-08','6.00942e-07','-4.2104e-07','1.76621e-09','-9.1405e-09','8.08896e-09','3.02006e-09','-8.79546e-09','9.20519e-12','0','0','0','-2.27223e-08','-4.64959e-08','7.99012e-08','2.98294e-09','-3.18796e-09','3.02006e-09','2.59511e-05','-3.98015e-09','4.47708e-12','0','0','0','1.12821e-07','-3.02222e-07','1.97441e-07','-9.0939e-09','9.87679e-09','-8.79546e-09','-3.98015e-09','8.53613e-05','-1.38149e-11','0','0','0','5.7531e-11','2.97493e-09','-2.28034e-09','1.64066e-11','-1.00755e-11','9.20519e-12','4.47708e-12','-1.38149e-11','5.94221e-10','0','0','0','0','0','0','0','0','0','0','0','0','0','0','0','0','0','0','0','0','0','0','0','0','0','0','0','0','0','0','0','0','0','0','0','0','0','0','0']

reports.append(Report(576749568, ("DT", -2, 1, 8), "MBwhAst1sec08"))
reports[-1].posNum = 5728
reports[-1].negNum = 0
reports[-1].fittype = "6DOF"
reports[-1].add_parameters(ValErr(0.0157466, 0.00891297, 0), \
                           ValErr(0.0439621, 0.0778235, 0), \
                           ValErr(-0.0267657, 0.0628502, 0), \
                           ValErr(0.000106723, 0.000183217, 0), \
                           ValErr(0.000229192, 0.000110169, 0), \
                           ValErr(-0.00023091, 9.13413e-05, 0), \
                           12990.1, 5728, 5728, -nan)
reports[-1].sigmax = ValErr(0.549308, 0.00513245, 0)
reports[-1].sigmay = ValErr(1.00396, 0.00938145, 0)
reports[-1].sigmadxdz = ValErr(0.00265983, 2.48547e-05, 0)
reports[-1].sigmadydz = ValErr(0, 0, 0)
reports[-1].add_stats(0.0104394, 0.0234738, -2.27471e-05, -0.00238521, 0.00991831, 0.0131717, -5.3293e-05, -0.00121887, 0.00991831, 0.0131717, -5.3293e-05, -0.00121887, 0.00554846, 0.0279759, -5.8085e-05, -0.00145533, 0.00554846, 0.0279759, -5.8085e-05, -0.00145533, 0.54953, 1.00402, 0.00266013, 0.0291639, 0.54953, 1.00402, 0.00266013, 0.0291639)
reports[-1].CovMatrix = ['7.94411e-05','0.000378168','-0.000311257','3.33996e-07','1.54105e-07','-1.04468e-07','-2.52633e-07','3.38341e-07','5.70086e-10','0','0','0','0.000378168','0.00605649','-0.00481829','5.17626e-06','-2.11222e-07','5.71119e-07','-3.71418e-06','2.78415e-06','1.25426e-08','0','0','0','-0.000311257','-0.00481829','0.00395015','-4.03898e-06','8.5143e-08','-3.79665e-07','3.06262e-06','-2.45635e-06','-9.67385e-09','0','0','0','3.33996e-07','5.17626e-06','-4.03898e-06','3.35683e-08','1.32226e-09','1.59244e-09','-3.87048e-09','-1.96471e-08','7.75854e-11','0','0','0','1.54105e-07','-2.11222e-07','8.5143e-08','1.32226e-09','1.21372e-08','-9.4378e-09','-2.67453e-09','1.03909e-08','-1.38079e-11','0','0','0','-1.04468e-07','5.71119e-07','-3.79665e-07','1.59244e-09','-9.4378e-09','8.34324e-09','2.00776e-09','-1.00665e-08','1.73735e-11','0','0','0','-2.52633e-07','-3.71418e-06','3.06262e-06','-3.87048e-09','-2.67453e-09','2.00776e-09','2.63421e-05','-4.01761e-09','-5.31251e-12','0','0','0','3.38341e-07','2.78415e-06','-2.45635e-06','-1.96471e-08','1.03909e-08','-1.00665e-08','-4.01761e-09','8.8012e-05','-6.11841e-11','0','0','0','5.70086e-10','1.25426e-08','-9.67385e-09','7.75854e-11','-1.38079e-11','1.73735e-11','-5.31251e-12','-6.11841e-11','6.17758e-10','0','0','0','0','0','0','0','0','0','0','0','0','0','0','0','0','0','0','0','0','0','0','0','0','0','0','0','0','0','0','0','0','0','0','0','0','0','0','0']

reports.append(Report(577011712, ("DT", -2, 1, 9), "MBwhAst1sec09"))
reports[-1].posNum = 5640
reports[-1].negNum = 0
reports[-1].fittype = "6DOF"
reports[-1].add_parameters(ValErr(0.00899843, 0.00854426, 0), \
                           ValErr(0.0898807, 0.0768367, 0), \
                           ValErr(-0.0817722, 0.0621046, 0), \
                           ValErr(-0.000279534, 0.000181697, 0), \
                           ValErr(-7.10476e-05, 0.000108206, 0), \
                           ValErr(3.27515e-05, 9.01883e-05, 0), \
                           13031.8, 5640, 5640, -nan)
reports[-1].sigmax = ValErr(0.545438, 0.00514078, 0)
reports[-1].sigmay = ValErr(0.971595, 0.00906583, 0)
reports[-1].sigmadxdz = ValErr(0.00265203, 2.49074e-05, 0)
reports[-1].sigmadydz = ValErr(0, 0, 0)
reports[-1].add_stats(-0.00381112, -0.0114755, 3.85997e-06, -0.00221129, 0.00342455, -0.0066977, -5.19784e-06, -0.00102161, 0.00342455, -0.0066977, -5.19784e-06, -0.00102161, -0.00173198, -0.0155662, 8.22749e-06, -0.000976956, -0.00173198, -0.0155662, 8.22749e-06, -0.000976956, 0.545549, 0.971841, 0.00265233, 0.0289232, 0.545549, 0.971841, 0.00265233, 0.0289232)
reports[-1].CovMatrix = ['7.30045e-05','0.000378153','-0.000310738','3.3086e-07','1.56614e-07','-1.06552e-07','-7.08572e-08','8.34888e-08','2.58828e-11','0','0','0','0.000378153','0.00590388','-0.00470236','5.12804e-06','-2.59102e-07','6.16297e-07','-1.66798e-06','2.66641e-06','3.63035e-09','0','0','0','-0.000310738','-0.00470236','0.00385699','-3.9701e-06','1.37178e-07','-4.24652e-07','1.40044e-06','-1.57281e-06','-3.54219e-09','0','0','0','3.3086e-07','5.12804e-06','-3.9701e-06','3.30138e-08','1.0212e-09','1.83115e-09','-1.20683e-10','7.3546e-09','1.68414e-11','0','0','0','1.56614e-07','-2.59102e-07','1.37178e-07','1.0212e-09','1.17085e-08','-9.12824e-09','2.05942e-09','-1.34251e-09','-6.17533e-12','0','0','0','-1.06552e-07','6.16297e-07','-4.24652e-07','1.83115e-09','-9.12824e-09','8.13394e-09','-1.92505e-09','2.05552e-09','8.23293e-12','0','0','0','-7.08572e-08','-1.66798e-06','1.40044e-06','-1.20683e-10','2.05942e-09','-1.92505e-09','2.64276e-05','-3.31663e-08','-3.17619e-11','0','0','0','8.34888e-08','2.66641e-06','-1.57281e-06','7.3546e-09','-1.34251e-09','2.05552e-09','-3.31663e-08','8.21896e-05','1.89117e-09','0','0','0','2.58828e-11','3.63035e-09','-3.54219e-09','1.68414e-11','-6.17533e-12','8.23293e-12','-3.17619e-11','1.89117e-09','6.2038e-10','0','0','0','0','0','0','0','0','0','0','0','0','0','0','0','0','0','0','0','0','0','0','0','0','0','0','0','0','0','0','0','0','0','0','0','0','0','0','0']

reports.append(Report(577273856, ("DT", -2, 1, 10), "MBwhAst1sec10"))
reports[-1].posNum = 5744
reports[-1].negNum = 0
reports[-1].fittype = "6DOF"
reports[-1].add_parameters(ValErr(0.00974015, 0.0089033, 0), \
                           ValErr(-0.0181607, 0.0768928, 0), \
                           ValErr(0.00877889, 0.0621253, 0), \
                           ValErr(4.59738e-05, 0.00017848, 0), \
                           ValErr(-7.43972e-05, 0.000107315, 0), \
                           ValErr(1.76119e-05, 8.91146e-05, 0), \
                           13277.3, 5744, 5744, -nan)
reports[-1].sigmax = ValErr(0.548725, 0.00512021, 0)
reports[-1].sigmay = ValErr(0.971301, 0.00906463, 0)
reports[-1].sigmadxdz = ValErr(0.00263454, 2.45812e-05, 0)
reports[-1].sigmadydz = ValErr(0, 0, 0)
reports[-1].add_stats(0.00952961, -0.00545759, -3.45695e-05, -0.00329592, 0.0109257, -0.00838379, -5.20856e-05, -0.00126049, 0.0109257, -0.00838379, -5.20856e-05, -0.00126049, 0.0113311, -0.0108403, -6.20262e-05, -0.00134227, 0.0113311, -0.0108403, -6.20262e-05, -0.00134227, 0.548708, 0.971437, 0.00263446, 0.0287571, 0.548708, 0.971437, 0.00263446, 0.0287571)
reports[-1].CovMatrix = ['7.92688e-05','0.000375752','-0.000308993','3.37338e-07','1.45473e-07','-9.63865e-08','-1.10391e-07','-2.75006e-07','3.2491e-11','0','0','0','0.000375752','0.00591251','-0.00470903','5.15133e-06','-1.92146e-07','5.6211e-07','-2.44674e-07','5.62441e-07','4.64558e-09','0','0','0','-0.000308993','-0.00470903','0.00385955','-4.03452e-06','8.32943e-08','-3.84646e-07','2.56734e-07','-3.38662e-07','-3.52204e-09','0','0','0','3.37338e-07','5.15133e-06','-4.03452e-06','3.18552e-08','1.13065e-09','1.65338e-09','-1.12739e-09','4.6369e-09','2.46321e-11','0','0','0','1.45473e-07','-1.92146e-07','8.32943e-08','1.13065e-09','1.15165e-08','-8.95204e-09','-8.32621e-09','-2.22105e-08','-1.94034e-11','0','0','0','-9.63865e-08','5.6211e-07','-3.84646e-07','1.65338e-09','-8.95204e-09','7.94141e-09','7.09782e-09','1.85425e-08','1.65524e-11','0','0','0','-1.10391e-07','-2.44674e-07','2.56734e-07','-1.12739e-09','-8.32621e-09','7.09782e-09','2.62166e-05','1.66592e-08','1.32301e-11','0','0','0','-2.75006e-07','5.62441e-07','-3.38662e-07','4.6369e-09','-2.22105e-08','1.85425e-08','1.66592e-08','8.21678e-05','4.2512e-11','0','0','0','3.2491e-11','4.64558e-09','-3.52204e-09','2.46321e-11','-1.94034e-11','1.65524e-11','1.32301e-11','4.2512e-11','6.04238e-10','0','0','0','0','0','0','0','0','0','0','0','0','0','0','0','0','0','0','0','0','0','0','0','0','0','0','0','0','0','0','0','0','0','0','0','0','0','0','0']

reports.append(Report(577536000, ("DT", -2, 1, 11), "MBwhAst1sec11"))
reports[-1].posNum = 5751
reports[-1].negNum = 0
reports[-1].fittype = "6DOF"
reports[-1].add_parameters(ValErr(0.00554997, 0.00901262, 0), \
                           ValErr(-0.0173678, 0.0778316, 0), \
                           ValErr(0.0322625, 0.0628507, 0), \
                           ValErr(4.41536e-05, 0.000181225, 0), \
                           ValErr(3.59493e-05, 0.000108701, 0), \
                           ValErr(-4.34552e-05, 9.0161e-05, 0), \
                           13252.8, 5751, 5751, -nan)
reports[-1].sigmax = ValErr(0.547349, 0.00510377, 0)
reports[-1].sigmay = ValErr(0.980882, 0.00914624, 0)
reports[-1].sigmadxdz = ValErr(0.00263393, 2.45598e-05, 0)
reports[-1].sigmadydz = ValErr(0, 0, 0)
reports[-1].add_stats(0.000195647, 0.0174878, 1.51746e-05, -0.00319733, 0.00758393, 0.0217008, -1.91159e-05, -0.00118803, 0.00758393, 0.0217008, -1.91159e-05, -0.00118803, 8.16108e-05, 0.015784, 7.60344e-06, -0.00115807, 8.16108e-05, 0.015784, 7.60344e-06, -0.00115807, 0.547388, 0.980859, 0.00263397, 0.0286901, 0.547388, 0.980859, 0.00263397, 0.0286901)
reports[-1].CovMatrix = ['8.12273e-05','0.000398989','-0.000327522','3.55888e-07','1.42419e-07','-9.11094e-08','1.29122e-07','5.34448e-08','-2.23425e-10','0','0','0','0.000398989','0.00605776','-0.00482287','5.24255e-06','-1.69243e-07','5.63607e-07','2.11433e-06','1.56572e-06','-3.96228e-09','0','0','0','-0.000327522','-0.00482287','0.00395021','-4.11713e-06','8.42862e-08','-4.02224e-07','-1.71318e-06','-1.38807e-06','3.09746e-09','0','0','0','3.55888e-07','5.24255e-06','-4.11713e-06','3.28427e-08','1.26772e-09','1.71394e-09','2.09584e-09','-7.81913e-09','-2.41808e-11','0','0','0','1.42419e-07','-1.69243e-07','8.42862e-08','1.26772e-09','1.18159e-08','-9.17738e-09','-3.02814e-09','-4.86906e-09','2.32921e-12','0','0','0','-9.11094e-08','5.63607e-07','-4.02224e-07','1.71394e-09','-9.17738e-09','8.12901e-09','2.77195e-09','3.29409e-09','-4.08944e-12','0','0','0','1.29122e-07','2.11433e-06','-1.71318e-06','2.09584e-09','-3.02814e-09','2.77195e-09','2.60485e-05','1.66025e-09','-2.48008e-12','0','0','0','5.34448e-08','1.56572e-06','-1.38807e-06','-7.81913e-09','-4.86906e-09','3.29409e-09','1.66025e-09','8.3654e-05','4.45159e-12','0','0','0','-2.23425e-10','-3.96228e-09','3.09746e-09','-2.41808e-11','2.32921e-12','-4.08944e-12','-2.48008e-12','4.45159e-12','6.03185e-10','0','0','0','0','0','0','0','0','0','0','0','0','0','0','0','0','0','0','0','0','0','0','0','0','0','0','0','0','0','0','0','0','0','0','0','0','0','0','0']

reports.append(Report(577798144, ("DT", -2, 1, 12), "MBwhAst1sec12"))
reports[-1].posNum = 5693
reports[-1].negNum = 0
reports[-1].fittype = "6DOF"
reports[-1].add_parameters(ValErr(0.0130319, 0.00879259, 0), \
                           ValErr(0.0499893, 0.0773909, 0), \
                           ValErr(-0.0337693, 0.0624932, 0), \
                           ValErr(-0.00023314, 0.00018332, 0), \
                           ValErr(-0.000240767, 0.000109645, 0), \
                           ValErr(0.000156386, 9.11439e-05, 0), \
                           13008.6, 5693, 5693, -nan)
reports[-1].sigmax = ValErr(0.546132, 0.0051183, 0)
reports[-1].sigmay = ValErr(0.99172, 0.00929485, 0)
reports[-1].sigmadxdz = ValErr(0.00266213, 2.49505e-05, 0)
reports[-1].sigmadydz = ValErr(0, 0, 0)
reports[-1].add_stats(0.00690747, 0.0167116, -1.99096e-06, -0.00246025, 0.0135473, 0.0085746, -3.24346e-05, -0.000840403, 0.0135473, 0.0085746, -3.24346e-05, -0.000840403, 0.0140549, -0.0135753, -5.37999e-05, -0.00100433, 0.0140549, -0.0135753, -5.37999e-05, -0.00100433, 0.546233, 0.991929, 0.00266261, 0.0287684, 0.546233, 0.991929, 0.00266261, 0.0287684)
reports[-1].CovMatrix = ['7.73096e-05','0.000360325','-0.000296922','3.1642e-07','1.55132e-07','-1.07647e-07','-1.61982e-07','2.07623e-07','4.6976e-10','0','0','0','0.000360325','0.00598935','-0.00476436','5.11336e-06','-2.71799e-07','6.05626e-07','-2.92267e-06','2.6678e-06','8.98165e-09','0','0','0','-0.000296922','-0.00476436','0.0039054','-3.96625e-06','1.11771e-07','-3.88089e-07','2.41364e-06','-2.29659e-06','-6.91803e-09','0','0','0','3.1642e-07','5.11336e-06','-3.96625e-06','3.36062e-08','9.72145e-10','1.78521e-09','-7.06036e-10','-1.76987e-08','5.77069e-11','0','0','0','1.55132e-07','-2.71799e-07','1.11771e-07','9.72145e-10','1.2022e-08','-9.37327e-09','-2.84448e-10','2.27441e-09','-4.03002e-12','0','0','0','-1.07647e-07','6.05626e-07','-3.88089e-07','1.78521e-09','-9.37327e-09','8.30721e-09','2.58378e-10','-3.2319e-09','7.89254e-12','0','0','0','-1.61982e-07','-2.92267e-06','2.41364e-06','-7.06036e-10','-2.84448e-10','2.58378e-10','2.6197e-05','-2.71952e-09','-1.04866e-12','0','0','0','2.07623e-07','2.6678e-06','-2.29659e-06','-1.76987e-08','2.27441e-09','-3.2319e-09','-2.71952e-09','8.63945e-05','-3.17596e-11','0','0','0','4.6976e-10','8.98165e-09','-6.91803e-09','5.77069e-11','-4.03002e-12','7.89254e-12','-1.04866e-12','-3.17596e-11','6.22527e-10','0','0','0','0','0','0','0','0','0','0','0','0','0','0','0','0','0','0','0','0','0','0','0','0','0','0','0','0','0','0','0','0','0','0','0','0','0','0','0']

reports.append(Report(579108864, ("DT", -2, 2, 1), "MBwhAst2sec01"))
reports[-1].posNum = 6142
reports[-1].negNum = 0
reports[-1].fittype = "6DOF"
reports[-1].add_parameters(ValErr(-0.0194962, 0.00950905, 0), \
                           ValErr(0.0142604, 0.0763493, 0), \
                           ValErr(-0.0195307, 0.0724781, 0), \
                           ValErr(-0.000177333, 0.000216852, 0), \
                           ValErr(3.29267e-05, 0.000104625, 0), \
                           ValErr(1.58658e-06, 0.000100882, 0), \
                           11086.8, 6142, 6142, -nan)
reports[-1].sigmax = ValErr(0.710034, 0.00640663, 0)
reports[-1].sigmay = ValErr(1.19132, 0.0107503, 0)
reports[-1].sigmadxdz = ValErr(0.00275454, 2.48544e-05, 0)
reports[-1].sigmadydz = ValErr(0, 0, 0)
reports[-1].add_stats(-0.0121098, -0.0103951, 5.06687e-05, -0.000516501, -0.0189652, -0.00596026, 3.23205e-05, -0.000968414, -0.0189652, -0.00596026, 3.23205e-05, -0.000968414, -0.00948307, -0.00991395, 1.99051e-05, -0.00102241, -0.00948307, -0.00991395, 1.99051e-05, -0.00102241, 0.710034, 1.19141, 0.00275446, 0.0233204, 0.710034, 1.19141, 0.00275446, 0.0233204)
reports[-1].CovMatrix = ['9.0422e-05','-0.000198361','0.000192673','-1.63849e-07','1.1786e-07','-1.06783e-07','-1.06273e-07','2.67721e-07','-4.78048e-11','0','0','0','-0.000198361','0.00582922','-0.00542276','4.58585e-06','2.18867e-08','-1.75134e-07','2.65928e-06','-2.51486e-06','-4.45232e-09','0','0','0','0.000192673','-0.00542276','0.00525307','-4.44617e-06','2.62965e-08','1.23833e-07','-2.59656e-06','2.60593e-06','4.23345e-09','0','0','0','-1.63849e-07','4.58585e-06','-4.44617e-06','4.70247e-08','-1.41966e-09','-4.17348e-10','4.54984e-09','1.20512e-08','-4.28969e-11','0','0','0','1.1786e-07','2.18867e-08','2.62965e-08','-1.41966e-09','1.09465e-08','-9.93636e-09','-4.50433e-09','1.53072e-08','-1.74647e-11','0','0','0','-1.06783e-07','-1.75134e-07','1.23833e-07','-4.17348e-10','-9.93636e-09','1.01772e-08','4.40887e-09','-1.52326e-08','1.81294e-11','0','0','0','-1.06273e-07','2.65928e-06','-2.59656e-06','4.54984e-09','-4.50433e-09','4.40887e-09','4.1045e-05','-7.2351e-09','3.63079e-12','0','0','0','2.67721e-07','-2.51486e-06','2.60593e-06','1.20512e-08','1.53072e-08','-1.52326e-08','-7.2351e-09','0.000115569','-3.84319e-11','0','0','0','-4.78048e-11','-4.45232e-09','4.23345e-09','-4.28969e-11','-1.74647e-11','1.81294e-11','3.63079e-12','-3.84319e-11','6.17741e-10','0','0','0','0','0','0','0','0','0','0','0','0','0','0','0','0','0','0','0','0','0','0','0','0','0','0','0','0','0','0','0','0','0','0','0','0','0','0','0']

reports.append(Report(579371008, ("DT", -2, 2, 2), "MBwhAst2sec02"))
reports[-1].posNum = 5861
reports[-1].negNum = 0
reports[-1].fittype = "6DOF"
reports[-1].add_parameters(ValErr(0.00871434, 0.00990974, 0), \
                           ValErr(0.0254833, 0.0807856, 0), \
                           ValErr(-0.00857151, 0.0767538, 0), \
                           ValErr(4.25228e-05, 0.000224097, 0), \
                           ValErr(-5.8361e-05, 0.000108065, 0), \
                           ValErr(1.87079e-05, 0.000104064, 0), \
                           10459.9, 5861, 5861, -nan)
reports[-1].sigmax = ValErr(0.727907, 0.00672367, 0)
reports[-1].sigmay = ValErr(1.18154, 0.0109156, 0)
reports[-1].sigmadxdz = ValErr(0.002765, 2.55428e-05, 0)
reports[-1].sigmadydz = ValErr(0, 0, 0)
reports[-1].add_stats(0.0105616, 0.00102096, -4.20015e-05, -0.000924957, 0.00944433, 0.0169603, -3.39514e-05, -0.00137118, 0.00944433, 0.0169603, -3.39514e-05, -0.00137118, 0.0152537, 0.00540241, -4.94318e-05, -0.00123657, 0.0152537, 0.00540241, -4.94318e-05, -0.00123657, 0.727894, 1.18158, 0.00276504, 0.0232612, 0.727894, 1.18158, 0.00276504, 0.0232612)
reports[-1].CovMatrix = ['9.82029e-05','-0.000204532','0.000198802','-1.72025e-07','1.13148e-07','-1.01672e-07','-1.86781e-07','3.20268e-07','1.27896e-10','0','0','0','-0.000204532','0.00652631','-0.00608605','5.2461e-06','5.3061e-08','-2.14914e-07','5.91129e-06','-5.0889e-06','-1.0461e-08','0','0','0','0.000198802','-0.00608605','0.00589115','-5.12747e-06','3.39361e-08','1.27453e-07','-5.74898e-06','5.10261e-06','1.00628e-08','0','0','0','-1.72025e-07','5.2461e-06','-5.12747e-06','5.02195e-08','-1.49009e-09','-3.26944e-10','5.63817e-09','3.32227e-08','-9.65109e-11','0','0','0','1.13148e-07','5.3061e-08','3.39361e-08','-1.49009e-09','1.1678e-08','-1.0598e-08','-3.49965e-09','1.38614e-08','-1.86405e-11','0','0','0','-1.01672e-07','-2.14914e-07','1.27453e-07','-3.26944e-10','-1.0598e-08','1.08293e-08','3.4029e-09','-1.45136e-08','2.10427e-11','0','0','0','-1.86781e-07','5.91129e-06','-5.74898e-06','5.63817e-09','-3.49965e-09','3.4029e-09','4.52079e-05','-9.15947e-09','-4.39558e-12','0','0','0','3.20268e-07','-5.0889e-06','5.10261e-06','3.32227e-08','1.38614e-08','-1.45136e-08','-9.15947e-09','0.00011915','-9.18212e-11','0','0','0','1.27896e-10','-1.0461e-08','1.00628e-08','-9.65109e-11','-1.86405e-11','2.10427e-11','-4.39558e-12','-9.18212e-11','6.52436e-10','0','0','0','0','0','0','0','0','0','0','0','0','0','0','0','0','0','0','0','0','0','0','0','0','0','0','0','0','0','0','0','0','0','0','0','0','0','0','0']

reports.append(Report(579633152, ("DT", -2, 2, 3), "MBwhAst2sec03"))
reports[-1].posNum = 6156
reports[-1].negNum = 0
reports[-1].fittype = "6DOF"
reports[-1].add_parameters(ValErr(0.0291582, 0.00972769, 0), \
                           ValErr(0.0142987, 0.0781179, 0), \
                           ValErr(0.00847666, 0.0741808, 0), \
                           ValErr(5.4173e-05, 0.00021823, 0), \
                           ValErr(8.68206e-05, 0.000106348, 0), \
                           ValErr(-0.00017983, 0.000102603, 0), \
                           10883.8, 6156, 6156, -nan)
reports[-1].sigmax = ValErr(0.727199, 0.00655432, 0)
reports[-1].sigmay = ValErr(1.20946, 0.0109023, 0)
reports[-1].sigmadxdz = ValErr(0.00274924, 2.47778e-05, 0)
reports[-1].sigmadydz = ValErr(0, 0, 0)
reports[-1].add_stats(0.00917053, 0.02647, -9.57984e-05, -0.000561244, 0.027464, 0.0224423, -0.000102018, -0.000712033, 0.027464, 0.0224423, -0.000102018, -0.000712033, 0.0230774, 0.0191507, -0.0001096, -0.000795033, 0.0230774, 0.0191507, -0.0001096, -0.000795033, 0.727094, 1.20987, 0.00274896, 0.0232921, 0.727094, 1.20987, 0.00274896, 0.0232921)
