nan = None;  NAN = None
nan = 0
reports = []
class ValErr:
    def __init__(self, value, error, antisym):
        self.value, self.error, self.antisym = value, error, antisym

    def __repr__(self):
        if self.antisym == 0.:
            return "%g +- %g" % (self.value, self.error)
        else:
            return "%g +- %g ~ %g" % (self.value, self.error, self.antisym)

class Report:
    def __init__(self, chamberId, postal_address, name):
        self.chamberId, self.postal_address, self.name = chamberId, postal_address, name
        self.status = "NOFIT"
        self.fittype = None
        self.CovMatrix = None

    def add_parameters(self, deltax, deltay, deltaz, deltaphix, deltaphiy, deltaphiz, loglikelihood, numsegments, sumofweights, redchi2):
        self.status = "PASS"
        self.deltax, self.deltay, self.deltaz, self.deltaphix, self.deltaphiy, self.deltaphiz = deltax, deltay, deltaz, deltaphix, deltaphiy, deltaphiz
        self.loglikelihood, self.numsegments, self.sumofweights, self.redchi2 = loglikelihood, numsegments, sumofweights, redchi2

    def add_stats(self, median_x, median_y, median_dxdz, median_dydz, mean30_x, mean30_y, mean20_dxdz, mean50_dydz, mean15_x, mean15_y, mean10_dxdz, mean25_dydz, wmean30_x, wmean30_y, wmean20_dxdz, wmean50_dydz, wmean15_x, wmean15_y, wmean10_dxdz, wmean25_dydz, stdev30_x, stdev30_y, stdev20_dxdz, stdev50_dydz, stdev15_x, stdev15_y, stdev10_dxdz, stdev25_dydz):
        self.median_x, self.median_y, self.median_dxdz, self.median_dydz, self.mean30_x, self.mean30_y, self.mean20_dxdz, self.mean50_dydz, self.mean15_x, self.mean15_y, self.mean10_dxdz, self.mean25_dydz, self.wmean30_x, self.wmean30_y, self.wmean20_dxdz, self.wmean50_dydz, self.wmean15_x, self.wmean15_y, self.wmean10_dxdz, self.wmean25_dydz, self.stdev30_x, self.stdev30_y, self.stdev20_dxdz, self.stdev50_dydz, self.stdev15_x, self.stdev15_y, self.stdev10_dxdz, self.stdev25_dydz = median_x, median_y, median_dxdz, median_dydz, mean30_x, mean30_y, mean20_dxdz, mean50_dydz, mean15_x, mean15_y, mean10_dxdz, mean25_dydz, wmean30_x, wmean30_y, wmean20_dxdz, wmean50_dydz, wmean15_x, wmean15_y, wmean10_dxdz, wmean25_dydz, stdev30_x, stdev30_y, stdev20_dxdz, stdev50_dydz, stdev15_x, stdev15_y, stdev10_dxdz, stdev25_dydz

    def __repr__(self):
        return "<Report %s %s %s>" % (self.postal_address[0], " ".join(map(str, self.postal_address[1:])), self.status)

reports.append(Report(574914560, ("DT", -2, 1, 1), "MBwhAst1sec01"))
reports[-1].posNum = 150
reports[-1].negNum = 0
reports[-1].fittype = "6DOF"
reports[-1].add_parameters(ValErr(-0.112166, 0.0627403, 0), \
                           ValErr(-0.382097, 0.519895, 0), \
                           ValErr(0.283586, 0.420622, 0), \
                           ValErr(0.000518897, 0.00113456, 0), \
                           ValErr(6.86588e-05, 0.000668107, 0), \
                           ValErr(0.000191798, 0.000559311, 0), \
                           328.081, 150, 150, -nan)
reports[-1].sigmax = ValErr(0.589517, 0.0338087, 0)
reports[-1].sigmay = ValErr(0.97736, 0.0561168, 0)
reports[-1].sigmadxdz = ValErr(0.00275942, 0.000159843, 0)
reports[-1].sigmadydz = ValErr(0, 0, 0)
reports[-1].add_stats(-0.149632, -0.0613596, 0.000501686, -0.00115038, -0.084642, -0.0407951, 0.00026185, -0.000805145, -0.084642, -0.0407951, 0.00026185, -0.000805145, -0.073828, -0.0314091, 0.000234365, -0.00041754, -0.073828, -0.0314091, 0.000234365, -0.00041754, 0.589993, 0.979927, 0.00275959, 0.0284631, 0.589993, 0.979927, 0.00275959, 0.0284631)
reports[-1].CovMatrix = ['0.00393635','0.0202629','-0.0165827','2.06312e-05','4.66813e-06','-2.05153e-06','2.43196e-05','1.77889e-05','2.83624e-08','0','0','0','0.0202629','0.270291','-0.216092','0.000265675','-1.21351e-05','3.47959e-05','0.000389718','9.69064e-05','6.08197e-07','0','0','0','-0.0165827','-0.216092','0.176923','-0.000212284','9.74163e-06','-2.78351e-05','-0.000308028','-9.84333e-05','-4.75181e-07','0','0','0','2.06312e-05','0.000265675','-0.000212284','1.28724e-06','1.36345e-08','1.09421e-07','6.4805e-07','-6.74959e-07','2.10307e-09','0','0','0','4.66813e-06','-1.21351e-05','9.74163e-06','1.36345e-08','4.46366e-07','-3.46804e-07','1.47413e-07','-6.02749e-08','-4.80553e-11','0','0','0','-2.05153e-06','3.47959e-05','-2.78351e-05','1.09421e-07','-3.46804e-07','3.12829e-07','-4.39044e-08','1.04346e-08','2.62106e-11','0','0','0','2.43196e-05','0.000389718','-0.000308028','6.4805e-07','1.47413e-07','-4.39044e-08','0.00114311','-7.3702e-06','2.31328e-08','0','0','0','1.77889e-05','9.69064e-05','-9.84333e-05','-6.74959e-07','-6.02749e-08','1.04346e-08','-7.3702e-06','0.00314947','6.09231e-08','0','0','0','2.83624e-08','6.08197e-07','-4.75181e-07','2.10307e-09','-4.80553e-11','2.62106e-11','2.31328e-08','6.09231e-08','2.55507e-08','0','0','0','0','0','0','0','0','0','0','0','0','0','0','0','0','0','0','0','0','0','0','0','0','0','0','0','0','0','0','0','0','0','0','0','0','0','0','0']

reports.append(Report(575176704, ("DT", -2, 1, 2), "MBwhAst1sec02"))
reports[-1].posNum = 159
reports[-1].negNum = 0
reports[-1].fittype = "6DOF"
reports[-1].add_parameters(ValErr(0.104402, 0.0580303, 0), \
                           ValErr(0.368092, 0.502488, 0), \
                           ValErr(-0.268442, 0.406212, 0), \
                           ValErr(-0.000511701, 0.00116475, 0), \
                           ValErr(0.000227336, 0.00070597, 0), \
                           ValErr(-0.000543124, 0.000581395, 0), \
                           341.039, 159, 159, -nan)
reports[-1].sigmax = ValErr(0.584955, 0.0328117, 0)
reports[-1].sigmay = ValErr(1.03755, 0.0582228, 0)
reports[-1].sigmadxdz = ValErr(0.00273338, 0.000153298, 0)
reports[-1].sigmadydz = ValErr(0, 0, 0)
reports[-1].add_stats(0.131556, -0.0069756, -0.000526758, 0.000112718, 0.0757596, 0.0485361, -0.000390051, 0.000569512, 0.0757596, 0.0485361, -0.000390051, 0.000569512, 0.0528698, 0.03466, -0.000387573, 4.89304e-05, 0.0528698, 0.03466, -0.000387573, 4.89304e-05, 0.585469, 1.04071, 0.00273287, 0.0275641, 0.585469, 1.04071, 0.00273287, 0.0275641)
reports[-1].CovMatrix = ['0.00336752','0.0166888','-0.013701','1.42955e-05','6.21731e-06','-4.07764e-06','8.55128e-06','-1.87571e-05','1.88493e-08','0','0','0','0.0166888','0.252495','-0.201332','0.000210128','-5.68455e-08','1.68786e-05','1.53074e-05','-2.3067e-05','6.79439e-08','0','0','0','-0.013701','-0.201332','0.165008','-0.000165276','-1.51418e-06','-1.195e-05','-1.23574e-05','2.21666e-05','-5.695e-08','0','0','0','1.42955e-05','0.000210128','-0.000165276','1.35664e-06','9.29855e-08','3.92155e-08','4.13241e-07','-8.92567e-07','6.81918e-10','0','0','0','6.21731e-06','-5.68455e-08','-1.51418e-06','9.29855e-08','4.98394e-07','-3.85613e-07','5.08692e-07','-1.36511e-06','1.25788e-09','0','0','0','-4.07764e-06','1.68786e-05','-1.195e-05','3.92155e-08','-3.85613e-07','3.3802e-07','-4.14447e-07','1.05429e-06','-8.31482e-10','0','0','0','8.55128e-06','1.53074e-05','-1.23574e-05','4.13241e-07','5.08692e-07','-4.14447e-07','0.00107668','-1.63667e-06','1.22763e-09','0','0','0','-1.87571e-05','-2.3067e-05','2.21666e-05','-8.92567e-07','-1.36511e-06','1.05429e-06','-1.63667e-06','0.0033903','-3.48295e-09','0','0','0','1.88493e-08','6.79439e-08','-5.695e-08','6.81918e-10','1.25788e-09','-8.31482e-10','1.22763e-09','-3.48295e-09','2.35011e-08','0','0','0','0','0','0','0','0','0','0','0','0','0','0','0','0','0','0','0','0','0','0','0','0','0','0','0','0','0','0','0','0','0','0','0','0','0','0','0']

reports.append(Report(575438848, ("DT", -2, 1, 3), "MBwhAst1sec03"))
reports[-1].posNum = 154
reports[-1].negNum = 0
reports[-1].fittype = "6DOF"
reports[-1].add_parameters(ValErr(0.00507132, 0.0562676, 0), \
                           ValErr(-0.576589, 0.461245, 0), \
                           ValErr(0.313904, 0.372141, 0), \
                           ValErr(0.000995649, 0.00110875, 0), \
                           ValErr(-0.000694773, 0.000681826, 0), \
                           ValErr(0.000341573, 0.000568489, 0), \
                           346.748, 154, 154, -nan)
reports[-1].sigmax = ValErr(0.542512, 0.0309127, 0)
reports[-1].sigmay = ValErr(1.08421, 0.0617938, 0)
reports[-1].sigmadxdz = ValErr(0.00253454, 0.00014445, 0)
reports[-1].sigmadydz = ValErr(0, 0, 0)
reports[-1].add_stats(0.0576787, -0.125957, -0.000465573, -0.000709085, 0.0404259, -0.205305, -0.000407733, 0.000126418, 0.0404259, -0.205305, -0.000407733, 0.000126418, 0.0372132, -0.137257, -0.000344384, 0.000611396, 0.0372132, -0.137257, -0.000344384, 0.000611396, 0.543555, 1.09079, 0.00253715, 0.0312371, 0.543555, 1.09079, 0.00253715, 0.0312371)
reports[-1].CovMatrix = ['0.00316604','0.0154149','-0.0126583','1.13965e-05','6.22889e-06','-4.24615e-06','4.14276e-07','-1.47756e-05','4.17924e-08','0','0','0','0.0154149','0.212747','-0.168503','0.00015311','-4.10559e-06','1.69834e-05','1.1301e-05','-0.00014115','3.4461e-07','0','0','0','-0.0126583','-0.168503','0.138489','-0.000117509','4.20619e-06','-1.38662e-05','-7.62724e-06','0.000107548','-2.62029e-07','0','0','0','1.13965e-05','0.00015311','-0.000117509','1.22933e-06','5.3657e-08','7.00054e-08','2.43116e-07','-1.6452e-06','2.96299e-09','0','0','0','6.22889e-06','-4.10559e-06','4.20619e-06','5.3657e-08','4.64886e-07','-3.64468e-07','-7.67609e-08','-3.49227e-07','1.21178e-09','0','0','0','-4.24615e-06','1.69834e-05','-1.38662e-05','7.00054e-08','-3.64468e-07','3.2318e-07','9.62556e-08','1.38826e-07','-7.63925e-10','0','0','0','4.14276e-07','1.1301e-05','-7.62724e-06','2.43116e-07','-7.67609e-08','9.62556e-08','0.000955656','-2.73189e-07','3.4681e-10','0','0','0','-1.47756e-05','-0.00014115','0.000107548','-1.6452e-06','-3.49227e-07','1.38826e-07','-2.73189e-07','0.00381898','-4.64686e-09','0','0','0','4.17924e-08','3.4461e-07','-2.62029e-07','2.96299e-09','1.21178e-09','-7.63925e-10','3.4681e-10','-4.64686e-09','2.08663e-08','0','0','0','0','0','0','0','0','0','0','0','0','0','0','0','0','0','0','0','0','0','0','0','0','0','0','0','0','0','0','0','0','0','0','0','0','0','0','0']

reports.append(Report(575700992, ("DT", -2, 1, 4), "MBwhAst1sec04"))
reports[-1].posNum = 170
reports[-1].negNum = 0
reports[-1].fittype = "6DOF"
reports[-1].add_parameters(ValErr(-0.0847382, 0.0509805, 0), \
                           ValErr(0.354466, 0.436359, 0), \
                           ValErr(-0.324711, 0.353791, 0), \
                           ValErr(-0.000478815, 0.000995418, 0), \
                           ValErr(-0.000460999, 0.00057033, 0), \
                           ValErr(0.000812533, 0.000477971, 0), \
                           423.169, 170, 170, -nan)
reports[-1].sigmax = ValErr(0.539049, 0.0293803, 0)
reports[-1].sigmay = ValErr(0.843904, 0.046103, 0)
reports[-1].sigmadxdz = ValErr(0.00258387, 0.000141224, 0)
reports[-1].sigmadydz = ValErr(0, 0, 0)
reports[-1].add_stats(-0.0777283, 0.0182561, 0.000417729, -0.00313388, -0.0971046, -0.0380741, 0.000567827, -0.00080442, -0.0971046, -0.0380741, 0.000567827, -0.00080442, -0.0789134, 0.0226911, 0.000485295, -0.00231734, -0.0789134, 0.0226911, 0.000485295, -0.00231734, 0.541525, 0.845371, 0.00259384, 0.0255908, 0.541525, 0.845371, 0.00259384, 0.0255908)
reports[-1].CovMatrix = ['0.00259901','0.0122321','-0.0100679','1.19069e-05','4.89132e-06','-3.24937e-06','-8.5579e-05','7.07176e-05','2.02044e-07','0','0','0','0.0122321','0.190409','-0.152615','0.000183307','-3.51044e-06','1.73601e-05','-0.00111969','0.000716294','3.24387e-06','0','0','0','-0.0100679','-0.152615','0.125168','-0.000142487','6.26438e-07','-1.1745e-05','0.000921714','-0.000637012','-2.51772e-06','0','0','0','1.19069e-05','0.000183307','-0.000142487','9.90856e-07','2.85059e-08','5.64133e-08','-1.32996e-06','-3.53823e-06','1.74393e-08','0','0','0','4.89132e-06','-3.51044e-06','6.26438e-07','2.85059e-08','3.25276e-07','-2.52902e-07','-7.4989e-07','1.23299e-06','-1.55061e-10','0','0','0','-3.24937e-06','1.73601e-05','-1.1745e-05','5.64133e-08','-2.52902e-07','2.28456e-07','5.44243e-07','-1.30082e-06','1.38789e-09','0','0','0','-8.5579e-05','-0.00111969','0.000921714','-1.32996e-06','-7.4989e-07','5.44243e-07','0.000863252','-6.55367e-06','-2.22572e-08','0','0','0','7.07176e-05','0.000716294','-0.000637012','-3.53823e-06','1.23299e-06','-1.30082e-06','-6.55367e-06','0.00212568','-6.47299e-08','0','0','0','2.02044e-07','3.24387e-06','-2.51772e-06','1.74393e-08','-1.55061e-10','1.38789e-09','-2.22572e-08','-6.47299e-08','1.99448e-08','0','0','0','0','0','0','0','0','0','0','0','0','0','0','0','0','0','0','0','0','0','0','0','0','0','0','0','0','0','0','0','0','0','0','0','0','0','0','0']

reports.append(Report(575963136, ("DT", -2, 1, 5), "MBwhAst1sec05"))
reports[-1].posNum = 182
reports[-1].negNum = 0
reports[-1].fittype = "6DOF"
reports[-1].add_parameters(ValErr(0.0702222, 0.0492974, 0), \
                           ValErr(0.309822, 0.411272, 0), \
                           ValErr(-0.25433, 0.333862, 0), \
                           ValErr(-0.00126139, 0.000959925, 0), \
                           ValErr(-0.000548122, 0.00056023, 0), \
                           ValErr(0.000156059, 0.000471528, 0), \
                           446.831, 182, 182, -nan)
reports[-1].sigmax = ValErr(0.531038, 0.0279877, 0)
reports[-1].sigmay = ValErr(0.881398, 0.0466855, 0)
reports[-1].sigmadxdz = ValErr(0.00259868, 0.000136779, 0)
reports[-1].sigmadydz = ValErr(0, 0, 0)
reports[-1].add_stats(0.137377, 0.0718784, -0.000599122, 0.0017254, 0.055687, 0.0190973, -0.000278109, -3.14241e-05, 0.055687, 0.0190973, -0.000278109, -3.14241e-05, 0.104209, 0.00119352, -0.00042266, -0.000336391, 0.104209, 0.00119352, -0.00042266, -0.000336391, 0.531776, 0.891591, 0.00258957, 0.0259669, 0.531776, 0.891591, 0.00258957, 0.0259669)
reports[-1].CovMatrix = ['0.00243023','0.0113219','-0.00934026','1.0583e-05','5.25254e-06','-3.65364e-06','6.39064e-05','-6.85043e-05','-1.02655e-07','0','0','0','0.0113219','0.169145','-0.135495','0.000156751','-3.57864e-06','1.58395e-05','0.000530279','-0.000188138','-1.97704e-06','0','0','0','-0.00934026','-0.135495','0.111464','-0.00011987','1.4005e-06','-1.0993e-05','-0.000446245','0.000215433','1.50404e-06','0','0','0','1.0583e-05','0.000156751','-0.00011987','9.21456e-07','2.39967e-08','5.7265e-08','3.48459e-07','3.33863e-06','-1.13354e-08','0','0','0','5.25254e-06','-3.57864e-06','1.4005e-06','2.39967e-08','3.13858e-07','-2.45296e-07','1.3791e-06','-2.86645e-06','1.72829e-09','0','0','0','-3.65364e-06','1.58395e-05','-1.0993e-05','5.7265e-08','-2.45296e-07','2.22339e-07','-1.18339e-06','2.65046e-06','-2.01055e-09','0','0','0','6.39064e-05','0.000530279','-0.000446245','3.48459e-07','1.3791e-06','-1.18339e-06','0.000783353','-1.52935e-05','3.07666e-09','0','0','0','-6.85043e-05','-0.000188138','0.000215433','3.33863e-06','-2.86645e-06','2.65046e-06','-1.52935e-05','0.00217974','-5.87754e-08','0','0','0','-1.02655e-07','-1.97704e-06','1.50404e-06','-1.13354e-08','1.72829e-09','-2.01055e-09','3.07666e-09','-5.87754e-08','1.8709e-08','0','0','0','0','0','0','0','0','0','0','0','0','0','0','0','0','0','0','0','0','0','0','0','0','0','0','0','0','0','0','0','0','0','0','0','0','0','0','0']

reports.append(Report(576225280, ("DT", -2, 1, 6), "MBwhAst1sec06"))
reports[-1].posNum = 133
reports[-1].negNum = 0
reports[-1].fittype = "6DOF"
reports[-1].add_parameters(ValErr(-0.0168451, 0.0576067, 0), \
                           ValErr(-0.45923, 0.545585, 0), \
                           ValErr(0.195756, 0.443052, 0), \
                           ValErr(0.000175315, 0.00124542, 0), \
                           ValErr(0.000201975, 0.000732967, 0), \
                           ValErr(-0.000163362, 0.000613162, 0), \
                           322.485, 133, 133, -nan)
reports[-1].sigmax = ValErr(0.523931, 0.032232, 0)
reports[-1].sigmay = ValErr(0.952386, 0.0587206, 0)
reports[-1].sigmadxdz = ValErr(0.00251288, 0.000154253, 0)
reports[-1].sigmadydz = ValErr(0, 0, 0)
reports[-1].add_stats(-0.0402036, -0.198915, -0.000294968, -0.00532199, -0.00578218, -0.224505, 1.41728e-05, -0.000324821, -0.00578218, -0.224505, 1.41728e-05, -0.000324821, -0.0131062, -0.25244, -0.00011009, -0.00138283, -0.0131062, -0.25244, -0.00011009, -0.00138283, 0.52563, 0.950011, 0.00251451, 0.0275499, 0.52563, 0.950011, 0.00251451, 0.0275499)
reports[-1].CovMatrix = ['0.00331854','0.0177145','-0.0146559','1.74655e-05','8.22345e-06','-5.75382e-06','1.64562e-05','1.99485e-05','-1.20595e-07','0','0','0','0.0177145','0.297664','-0.238766','0.000283788','-1.95051e-05','3.75074e-05','0.000725465','-0.00070398','-1.52038e-06','0','0','0','-0.0146559','-0.238766','0.196295','-0.000216816','1.04633e-05','-2.49938e-05','-0.000586749','0.000593723','1.17504e-06','0','0','0','1.74655e-05','0.000283788','-0.000216816','1.55107e-06','4.54463e-08','7.89268e-08','-8.48326e-08','3.60156e-06','-8.76743e-09','0','0','0','8.22345e-06','-1.95051e-05','1.04633e-05','4.54463e-08','5.3724e-07','-4.24842e-07','-1.61916e-06','3.69862e-06','-1.96225e-09','0','0','0','-5.75382e-06','3.75074e-05','-2.49938e-05','7.89268e-08','-4.24842e-07','3.75968e-07','1.38354e-06','-2.78939e-06','7.43731e-10','0','0','0','1.64562e-05','0.000725465','-0.000586749','-8.48326e-08','-1.61916e-06','1.38354e-06','0.00103897','-1.46221e-05','5.08986e-09','0','0','0','1.99485e-05','-0.00070398','0.000593723','3.60156e-06','3.69862e-06','-2.78939e-06','-1.46221e-05','0.00344857','-3.12067e-08','0','0','0','-1.20595e-07','-1.52038e-06','1.17504e-06','-8.76743e-09','-1.96225e-09','7.43731e-10','5.08986e-09','-3.12067e-08','2.37949e-08','0','0','0','0','0','0','0','0','0','0','0','0','0','0','0','0','0','0','0','0','0','0','0','0','0','0','0','0','0','0','0','0','0','0','0','0','0','0','0']

reports.append(Report(576487424, ("DT", -2, 1, 7), "MBwhAst1sec07"))
reports[-1].posNum = 147
reports[-1].negNum = 0
reports[-1].fittype = "6DOF"
reports[-1].add_parameters(ValErr(0.0560243, 0.0547848, 0), \
                           ValErr(0.446863, 0.459012, 0), \
                           ValErr(-0.405816, 0.36841, 0), \
                           ValErr(-0.000509271, 0.00102916, 0), \
                           ValErr(-2.85172e-05, 0.0006473, 0), \
                           ValErr(-0.000230856, 0.000534442, 0), \
                           342.36, 147, 147, -nan)
reports[-1].sigmax = ValErr(0.571357, 0.0329771, 0)
reports[-1].sigmay = ValErr(0.958498, 0.0562138, 0)
reports[-1].sigmadxdz = ValErr(0.00251955, 0.000147824, 0)
reports[-1].sigmadydz = ValErr(0, 0, 0)
reports[-1].add_stats(0.00597521, 0.0635435, -0.000317757, -0.00545572, 0.0249105, -0.0486469, -0.000243288, -0.00332835, 0.0249105, -0.0486469, -0.000243288, -0.00332835, 0.0184765, -0.104009, -0.000311638, -0.00439548, 0.0184765, -0.104009, -0.000311638, -0.00439548, 0.572204, 0.963613, 0.00252298, 0.0278391, 0.572204, 0.963613, 0.00252298, 0.0278391)
reports[-1].CovMatrix = ['0.00300138','0.0123566','-0.0101169','1.0166e-05','3.52839e-06','-2.16598e-06','1.72788e-05','1.5607e-05','-7.73552e-08','0','0','0','0.0123566','0.210692','-0.166554','0.000161358','-9.70547e-06','1.94229e-05','0.000209425','-0.000579599','6.79008e-08','0','0','0','-0.0101169','-0.166554','0.135726','-0.000130654','3.30201e-06','-1.20468e-05','-0.000178319','0.00043976','3.20702e-08','0','0','0','1.0166e-05','0.000161358','-0.000130654','1.05918e-06','2.76257e-08','5.68441e-08','-2.65406e-07','1.4258e-06','-2.48948e-09','0','0','0','3.52839e-06','-9.70547e-06','3.30201e-06','2.76257e-08','4.18997e-07','-3.25352e-07','-3.88976e-07','3.10581e-06','-5.9549e-09','0','0','0','-2.16598e-06','1.94229e-05','-1.20468e-05','5.68441e-08','-3.25352e-07','2.85629e-07','2.57714e-07','-2.37181e-06','4.59832e-09','0','0','0','1.72788e-05','0.000209425','-0.000178319','-2.65406e-07','-3.88976e-07','2.57714e-07','0.00108756','-4.9999e-06','1.41996e-08','0','0','0','1.5607e-05','-0.000579599','0.00043976','1.4258e-06','3.10581e-06','-2.37181e-06','-4.9999e-06','0.00316038','-1.21864e-07','0','0','0','-7.73552e-08','6.79008e-08','3.20702e-08','-2.48948e-09','-5.9549e-09','4.59832e-09','1.41996e-08','-1.21864e-07','2.18526e-08','0','0','0','0','0','0','0','0','0','0','0','0','0','0','0','0','0','0','0','0','0','0','0','0','0','0','0','0','0','0','0','0','0','0','0','0','0','0','0']

reports.append(Report(576749568, ("DT", -2, 1, 8), "MBwhAst1sec08"))
reports[-1].posNum = 174
reports[-1].negNum = 0
reports[-1].fittype = "6DOF"
reports[-1].add_parameters(ValErr(-0.0156832, 0.0384337, 0), \
                           ValErr(0.0644857, 0.0747191, 0), \
                           ValErr(-0.0510819, 0.0617879, 0), \
                           ValErr(0.000633238, 0.0010053, 0), \
                           ValErr(0.00104062, 0.000619553, 0), \
                           ValErr(-0.000751747, 0.000509213, 0), \
                           419.572, 174, 174, -nan)
reports[-1].sigmax = ValErr(0.484383, 0.0263329, 0)
reports[-1].sigmay = ValErr(1.02703, 0.0554507, 0)
reports[-1].sigmadxdz = ValErr(0.00255436, 0.000139098, 0)
reports[-1].sigmadydz = ValErr(0, 0, 0)
reports[-1].add_stats(-0.0611, 0.135191, -9.03916e-05, -0.00319037, -0.0338596, 0.00420549, 0.000117033, 0.000644871, -0.0338596, 0.00420549, 0.000117033, 0.000644871, -0.0323581, 0.0276628, 8.48566e-05, 0.00141438, -0.0323581, 0.0276628, 8.48566e-05, 0.00141438, 0.487734, 1.02499, 0.00256162, 0.0260782, 0.487734, 1.02499, 0.00256162, 0.0260782)
reports[-1].CovMatrix = ['0.00147715','0.000306077','-0.000449836','3.2623e-07','6.61374e-06','-5.48183e-06','-3.00787e-05','3.40574e-05','1.12684e-08','0','0','0','0.000306077','0.00558295','-0.00210873','8.15731e-07','2.17913e-05','-1.79291e-05','-3.73632e-05','0.000112565','-3.46447e-08','0','0','0','-0.000449836','-0.00210873','0.00381774','4.74232e-06','-1.89013e-05','1.61484e-05','3.59533e-05','-9.84183e-05','2.25379e-08','0','0','0','3.2623e-07','8.15731e-07','4.74232e-06','1.01062e-06','5.68627e-08','3.91122e-08','1.24711e-07','6.36407e-07','-3.34215e-09','0','0','0','6.61374e-06','2.17913e-05','-1.89013e-05','5.68627e-08','3.83846e-07','-2.96334e-07','-7.24331e-07','2.18499e-06','-1.26472e-09','0','0','0','-5.48183e-06','-1.79291e-05','1.61484e-05','3.91122e-08','-2.96334e-07','2.59298e-07','6.74234e-07','-1.78795e-06','7.11547e-10','0','0','0','-3.00787e-05','-3.73632e-05','3.59533e-05','1.24711e-07','-7.24331e-07','6.74234e-07','0.000693459','1.91963e-05','-8.56677e-08','0','0','0','3.40574e-05','0.000112565','-9.84183e-05','6.36407e-07','2.18499e-06','-1.78795e-06','1.91963e-05','0.00307512','-1.0552e-07','0','0','0','1.12684e-08','-3.46447e-08','2.25379e-08','-3.34215e-09','-1.26472e-09','7.11547e-10','-8.56677e-08','-1.0552e-07','1.93486e-08','0','0','0','0','0','0','0','0','0','0','0','0','0','0','0','0','0','0','0','0','0','0','0','0','0','0','0','0','0','0','0','0','0','0','0','0','0','0','0']

reports.append(Report(577011712, ("DT", -2, 1, 9), "MBwhAst1sec09"))
reports[-1].posNum = 169
reports[-1].negNum = 0
reports[-1].fittype = "6DOF"
reports[-1].add_parameters(ValErr(-0.00564719, 0.0483294, 0), \
                           ValErr(1.00853, 0.455813, 0), \
                           ValErr(-0.649307, 0.368195, 0), \
                           ValErr(0.000166597, 0.00103427, 0), \
                           ValErr(0.000143283, 0.000606593, 0), \
                           ValErr(7.1474e-05, 0.000500638, 0), \
                           406.778, 169, 169, -nan)
reports[-1].sigmax = ValErr(0.542983, 0.029487, 0)
reports[-1].sigmay = ValErr(0.906844, 0.0495701, 0)
reports[-1].sigmadxdz = ValErr(0.00259206, 0.000139973, 0)
reports[-1].sigmadydz = ValErr(0, 0, 0)
reports[-1].add_stats(-0.0283158, 0.195217, 0.000389634, -0.00979151, -0.0484094, 0.221893, 0.000231358, -0.00488323, -0.0484094, 0.221893, 0.000231358, -0.00488323, -0.105904, 0.207003, 0.000372401, -0.00330794, -0.105904, 0.207003, 0.000372401, -0.00330794, 0.552895, 0.900541, 0.00258827, 0.0288067, 0.552895, 0.900541, 0.00258827, 0.0288067)
reports[-1].CovMatrix = ['0.00233573','0.0107267','-0.00889355','1.16617e-05','4.85969e-06','-3.47031e-06','-0.000107364','1.33185e-05','3.55901e-07','0','0','0','0.0107267','0.207766','-0.16581','0.000202027','-2.78575e-06','1.63654e-05','-0.00173323','0.000621128','4.10401e-06','0','0','0','-0.00889355','-0.16581','0.135568','-0.000158845','-4.04814e-06','-7.96973e-06','0.00144504','-0.000603536','-3.0235e-06','0','0','0','1.16617e-05','0.000202027','-0.000158845','1.06971e-06','4.44008e-08','4.06475e-08','-1.61692e-06','-5.65019e-06','2.08294e-08','0','0','0','4.85969e-06','-2.78575e-06','-4.04814e-06','4.44008e-08','3.67956e-07','-2.85338e-07','-4.32489e-07','9.77767e-07','1.74406e-10','0','0','0','-3.47031e-06','1.63654e-05','-7.96973e-06','4.06475e-08','-2.85338e-07','2.50639e-07','3.28546e-07','-1.2613e-06','2.2062e-09','0','0','0','-0.000107364','-0.00173323','0.00144504','-1.61692e-06','-4.32489e-07','3.28546e-07','0.000869531','-1.69605e-05','-6.05291e-08','0','0','0','1.33185e-05','0.000621128','-0.000603536','-5.65019e-06','9.77767e-07','-1.2613e-06','-1.69605e-05','0.00245744','-7.57264e-08','0','0','0','3.55901e-07','4.10401e-06','-3.0235e-06','2.08294e-08','1.74406e-10','2.2062e-09','-6.05291e-08','-7.57264e-08','1.9593e-08','0','0','0','0','0','0','0','0','0','0','0','0','0','0','0','0','0','0','0','0','0','0','0','0','0','0','0','0','0','0','0','0','0','0','0','0','0','0','0']

reports.append(Report(577273856, ("DT", -2, 1, 10), "MBwhAst1sec10"))
reports[-1].posNum = 153
reports[-1].negNum = 0
reports[-1].fittype = "6DOF"
reports[-1].add_parameters(ValErr(-0.0501966, 0.0487192, 0), \
                           ValErr(-0.173869, 0.4065, 0), \
                           ValErr(0.256208, 0.328872, 0), \
                           ValErr(0.000457553, 0.000945503, 0), \
                           ValErr(-0.000199068, 0.000559016, 0), \
                           ValErr(0.000273043, 0.000475359, 0), \
                           413.743, 153, 153, -nan)
reports[-1].sigmax = ValErr(0.492377, 0.0282389, 0)
reports[-1].sigmay = ValErr(0.842916, 0.0483306, 0)
reports[-1].sigmadxdz = ValErr(0.00228448, 0.000130919, 0)
reports[-1].sigmadydz = ValErr(0, 0, 0)
reports[-1].add_stats(0.037298, 0.183541, 4.71989e-05, -0.0016903, -0.0256018, 0.12828, 9.77617e-05, 0.00331231, -0.0256018, 0.12828, 9.77617e-05, 0.00331231, -0.0106846, 0.173631, 8.78677e-05, 0.0049084, -0.0106846, 0.173631, 8.78677e-05, 0.0049084, 0.493548, 0.842387, 0.00229097, 0.0296989, 0.493548, 0.842387, 0.00229097, 0.0296989)
reports[-1].CovMatrix = ['0.00237357','0.0106591','-0.0087783','9.1299e-06','3.8092e-06','-2.48234e-06','2.60156e-05','-1.63942e-05','-6.86979e-08','0','0','0','0.0106591','0.165242','-0.131745','0.000137505','-1.64787e-05','2.53688e-05','0.000608425','-0.000524378','-1.34415e-06','0','0','0','-0.0087783','-0.131745','0.108157','-0.000105611','1.12723e-05','-1.83996e-05','-0.000491661','0.000447771','1.02756e-06','0','0','0','9.1299e-06','0.000137505','-0.000105611','8.93975e-07','-2.85652e-08','9.53875e-08','6.42018e-07','2.06723e-06','-8.37951e-09','0','0','0','3.8092e-06','-1.64787e-05','1.12723e-05','-2.85652e-08','3.12499e-07','-2.4862e-07','-9.60543e-07','1.14384e-06','1.36584e-09','0','0','0','-2.48234e-06','2.53688e-05','-1.83996e-05','9.53875e-08','-2.4862e-07','2.25966e-07','8.95124e-07','-7.85434e-07','-2.00011e-09','0','0','0','2.60156e-05','0.000608425','-0.000491661','6.42018e-07','-9.60543e-07','8.95124e-07','0.00079748','-5.05087e-06','-1.02581e-08','0','0','0','-1.63942e-05','-0.000524378','0.000447771','2.06723e-06','1.14384e-06','-7.85434e-07','-5.05087e-06','0.00233608','-1.45457e-08','0','0','0','-6.86979e-08','-1.34415e-06','1.02756e-06','-8.37951e-09','1.36584e-09','-2.00011e-09','-1.02581e-08','-1.45457e-08','1.71402e-08','0','0','0','0','0','0','0','0','0','0','0','0','0','0','0','0','0','0','0','0','0','0','0','0','0','0','0','0','0','0','0','0','0','0','0','0','0','0','0']

reports.append(Report(577536000, ("DT", -2, 1, 11), "MBwhAst1sec11"))
reports[-1].posNum = 166
reports[-1].negNum = 0
reports[-1].fittype = "6DOF"
reports[-1].add_parameters(ValErr(0.0293713, 0.0489868, 0), \
                           ValErr(0.1582, 0.409637, 0), \
                           ValErr(-0.235061, 0.331172, 0), \
                           ValErr(-0.00109431, 0.000974337, 0), \
                           ValErr(-0.00102392, 0.000591098, 0), \
                           ValErr(0.000566636, 0.000494696, 0), \
                           440.736, 166, 166, -nan)
reports[-1].sigmax = ValErr(0.4814, 0.026485, 0)
reports[-1].sigmay = ValErr(0.915823, 0.0505329, 0)
reports[-1].sigmadxdz = ValErr(0.00225893, 0.000124159, 0)
reports[-1].sigmadydz = ValErr(0, 0, 0)
reports[-1].add_stats(-0.0381802, -0.0869119, -0.000295077, -0.00357287, 0.0204586, -0.114175, -0.000270423, -0.00273054, 0.0204586, -0.114175, -0.000270423, -0.00273054, 0.00290274, -0.172964, -0.00027669, -0.00342785, 0.00290274, -0.172964, -0.00027669, -0.00342785, 0.484478, 0.9184, 0.00226436, 0.0305949, 0.484478, 0.9184, 0.00226436, 0.0305949)
reports[-1].CovMatrix = ['0.00239971','0.0123143','-0.0101008','1.00018e-05','4.35012e-06','-2.77383e-06','4.05552e-05','-7.01421e-05','-9.43298e-09','0','0','0','0.0123143','0.167802','-0.133569','0.000131964','-7.2135e-06','1.79973e-05','0.000344562','-0.000361263','-6.65826e-07','0','0','0','-0.0101008','-0.133569','0.109675','-0.000101536','6.58644e-06','-1.46917e-05','-0.000279772','0.000303886','5.21257e-07','0','0','0','1.00018e-05','0.000131964','-0.000101536','9.49333e-07','3.00572e-08','6.32529e-08','5.26079e-07','7.39358e-07','-4.07694e-09','0','0','0','4.35012e-06','-7.2135e-06','6.58644e-06','3.00572e-08','3.49397e-07','-2.75147e-07','9.00654e-07','-2.89418e-06','2.94044e-09','0','0','0','-2.77383e-06','1.79973e-05','-1.46917e-05','6.32529e-08','-2.75147e-07','2.44724e-07','-7.45349e-07','2.45178e-06','-2.53919e-09','0','0','0','4.05552e-05','0.000344562','-0.000279772','5.26079e-07','9.00654e-07','-7.45349e-07','0.000701492','-8.48337e-06','4.85826e-09','0','0','0','-7.01421e-05','-0.000361263','0.000303886','7.39358e-07','-2.89418e-06','2.45178e-06','-8.48337e-06','0.00255383','-2.8167e-08','0','0','0','-9.43298e-09','-6.65826e-07','5.21257e-07','-4.07694e-09','2.94044e-09','-2.53919e-09','4.85826e-09','-2.8167e-08','1.54158e-08','0','0','0','0','0','0','0','0','0','0','0','0','0','0','0','0','0','0','0','0','0','0','0','0','0','0','0','0','0','0','0','0','0','0','0','0','0','0','0']

reports.append(Report(577798144, ("DT", -2, 1, 12), "MBwhAst1sec12"))
reports[-1].posNum = 165
reports[-1].negNum = 0
reports[-1].fittype = "6DOF"
reports[-1].add_parameters(ValErr(0.00115535, 0.0463563, 0), \
                           ValErr(0.435372, 0.396412, 0), \
                           ValErr(-0.35371, 0.319063, 0), \
                           ValErr(-0.000250414, 0.00105137, 0), \
                           ValErr(-0.000892324, 0.000605291, 0), \
                           ValErr(0.000640334, 0.000501096, 0), \
                           401.083, 165, 165, -nan)
reports[-1].sigmax = ValErr(0.473383, 0.0261043, 0)
reports[-1].sigmay = ValErr(1.03196, 0.0570548, 0)
reports[-1].sigmadxdz = ValErr(0.002551, 0.000141225, 0)
reports[-1].sigmadydz = ValErr(0, 0, 0)
reports[-1].add_stats(-0.0221877, 0.0364699, -0.000178278, -0.00331473, -0.0147038, 0.00660388, -0.000124498, 0.000747517, -0.0147038, 0.00660388, -0.000124498, 0.000747517, 0.00242386, -0.0293816, -0.000125225, 0.00084485, 0.00242386, -0.0293816, -0.000125225, 0.00084485, 0.477522, 1.03275, 0.00255158, 0.0302494, 0.477522, 1.03275, 0.00255158, 0.0302494)
reports[-1].CovMatrix = ['0.00214891','0.01018','-0.00839828','8.14555e-06','5.63649e-06','-4.16142e-06','-3.80584e-05','5.01277e-05','8.84975e-08','0','0','0','0.01018','0.157143','-0.123791','0.000124319','-4.33926e-06','1.31192e-05','-0.000593884','0.00058948','1.79499e-06','0','0','0','-0.00839828','-0.123791','0.101801','-9.22996e-05','2.24519e-06','-8.84602e-06','0.000484794','-0.000533258','-1.32736e-06','0','0','0','8.14555e-06','0.000124319','-9.22996e-05','1.10537e-06','5.99087e-08','4.47813e-08','-7.68895e-07','-4.529e-06','1.55659e-08','0','0','0','5.63649e-06','-4.33926e-06','2.24519e-06','5.99087e-08','3.66377e-07','-2.82605e-07','5.01588e-08','2.17747e-07','-7.64583e-10','0','0','0','-4.16142e-06','1.31192e-05','-8.84602e-06','4.47813e-08','-2.82605e-07','2.51097e-07','-1.27415e-07','-5.68443e-07','2.09066e-09','0','0','0','-3.80584e-05','-0.000593884','0.000484794','-7.68895e-07','5.01588e-08','-1.27415e-07','0.000681471','-8.19771e-07','-1.14214e-08','0','0','0','5.01277e-05','0.00058948','-0.000533258','-4.529e-06','2.17747e-07','-5.68443e-07','-8.19771e-07','0.00325563','-6.59944e-08','0','0','0','8.84975e-08','1.79499e-06','-1.32736e-06','1.55659e-08','-7.64583e-10','2.09066e-09','-1.14214e-08','-6.59944e-08','1.99449e-08','0','0','0','0','0','0','0','0','0','0','0','0','0','0','0','0','0','0','0','0','0','0','0','0','0','0','0','0','0','0','0','0','0','0','0','0','0','0','0']

reports.append(Report(579108864, ("DT", -2, 2, 1), "MBwhAst2sec01"))
reports[-1].posNum = 187
reports[-1].negNum = 0
reports[-1].fittype = "6DOF"
reports[-1].add_parameters(ValErr(-0.0972278, 0.0594501, 0), \
                           ValErr(-0.101123, 0.486399, 0), \
                           ValErr(0.110058, 0.461613, 0), \
                           ValErr(-0.000467206, 0.00134655, 0), \
                           ValErr(0.00114736, 0.000682195, 0), \
                           ValErr(-0.00071343, 0.000656813, 0), \
                           279.982, 187, 187, -nan)
reports[-1].sigmax = ValErr(0.784626, 0.0406789, 0)
reports[-1].sigmay = ValErr(1.38635, 0.0722626, 0)
reports[-1].sigmadxdz = ValErr(0.00291417, 0.000150938, 0)
reports[-1].sigmadydz = ValErr(0, 0, 0)
reports[-1].add_stats(-0.165675, 0.0547933, 0.00035173, 0.000779409, -0.112016, 0.00139672, 0.000456764, -0.000565941, -0.112016, 0.00139672, 0.000456764, -0.000565941, -0.088673, -0.0123378, 0.000380247, -0.00196977, -0.088673, -0.0123378, 0.000380247, -0.00196977, 0.78863, 1.37792, 0.00292474, 0.0240344, 0.78863, 1.37792, 0.00292474, 0.0240344)
reports[-1].CovMatrix = ['0.00353431','-0.00614579','0.00603241','-4.37284e-06','5.8873e-06','-5.57843e-06','-1.30674e-05','6.22682e-05','-7.68729e-08','0','0','0','-0.00614579','0.236584','-0.219563','0.000177699','-3.15714e-06','-1.16345e-06','-0.000303919','0.000452526','1.82861e-07','0','0','0','0.00603241','-0.219563','0.213087','-0.000170651','8.34312e-06','-4.03575e-06','0.000274959','-0.000368951','-2.41736e-07','0','0','0','-4.37284e-06','0.000177699','-0.000170651','1.8132e-06','-7.99452e-08','2.1457e-08','1.11396e-06','-3.10158e-06','2.4776e-09','0','0','0','5.8873e-06','-3.15714e-06','8.34312e-06','-7.99452e-08','4.6539e-07','-4.25672e-07','-1.8015e-06','5.99468e-06','-5.89121e-09','0','0','0','-5.57843e-06','-1.16345e-06','-4.03575e-06','2.1457e-08','-4.25672e-07','4.31403e-07','1.79334e-06','-5.68736e-06','5.29178e-09','0','0','0','-1.30674e-05','-0.000303919','0.000274959','1.11396e-06','-1.8015e-06','1.79334e-06','0.0016549','-2.65668e-05','2.32329e-08','0','0','0','6.22682e-05','0.000452526','-0.000368951','-3.10158e-06','5.99468e-06','-5.68736e-06','-2.65668e-05','0.00522265','-7.72172e-08','0','0','0','-7.68729e-08','1.82861e-07','-2.41736e-07','2.4776e-09','-5.89121e-09','5.29178e-09','2.32329e-08','-7.72172e-08','2.27828e-08','0','0','0','0','0','0','0','0','0','0','0','0','0','0','0','0','0','0','0','0','0','0','0','0','0','0','0','0','0','0','0','0','0','0','0','0','0','0','0']

reports.append(Report(579371008, ("DT", -2, 2, 2), "MBwhAst2sec02"))
reports[-1].posNum = 183
reports[-1].negNum = 0
reports[-1].fittype = "6DOF"
reports[-1].add_parameters(ValErr(-0.0211226, 0.0615852, 0), \
                           ValErr(-0.280084, 0.51938, 0), \
                           ValErr(0.360575, 0.494961, 0), \
                           ValErr(0.00165012, 0.00137599, 0), \
                           ValErr(0.00147953, 0.000643418, 0), \
                           ValErr(-0.00131894, 0.000614337, 0), \
                           285.622, 183, 183, -nan)
reports[-1].sigmax = ValErr(0.810748, 0.0424298, 0)
reports[-1].sigmay = ValErr(1.16235, 0.0609261, 0)
reports[-1].sigmadxdz = ValErr(0.00315668, 0.00016532, 0)
reports[-1].sigmadydz = ValErr(0, 0, 0)
reports[-1].add_stats(-0.117001, 0.171183, 0.00034593, -0.00284971, -0.0417144, 0.0817748, 0.000202369, -0.00253928, -0.0417144, 0.0817748, 0.000202369, -0.00253928, -0.0677733, 0.146578, 0.000186584, -0.00294626, -0.0677733, 0.146578, 0.000186584, -0.00294626, 0.817717, 1.17729, 0.00315915, 0.0253538, 0.817717, 1.17729, 0.00315915, 0.0253538)
reports[-1].CovMatrix = ['0.00379274','-0.00688466','0.00668725','-6.59086e-06','2.86633e-06','-2.43754e-06','8.69687e-06','1.16971e-05','-5.9417e-08','0','0','0','-0.00688466','0.269756','-0.253481','0.000257933','2.4661e-07','-6.83534e-06','-0.000563314','0.000150672','1.79227e-06','0','0','0','0.00668725','-0.253481','0.244987','-0.000256043','5.23264e-06','1.57059e-06','0.000531718','-9.77216e-05','-1.80467e-06','0','0','0','-6.59086e-06','0.000257933','-0.000256043','1.89334e-06','-6.50833e-08','7.25885e-09','-1.0084e-06','-3.4803e-06','1.34796e-08','0','0','0','2.86633e-06','2.4661e-07','5.23264e-06','-6.50833e-08','4.13986e-07','-3.68848e-07','-1.05002e-06','2.40571e-06','-2.4265e-09','0','0','0','-2.43754e-06','-6.83534e-06','1.57059e-06','7.25885e-09','-3.68848e-07','3.77409e-07','1.10158e-06','-2.21186e-06','1.71995e-09','0','0','0','8.69687e-06','-0.000563314','0.000531718','-1.0084e-06','-1.05002e-06','1.10158e-06','0.00180043','-5.6149e-06','-2.26048e-09','0','0','0','1.16971e-05','0.000150672','-9.77216e-05','-3.4803e-06','2.40571e-06','-2.21186e-06','-5.6149e-06','0.00371243','-3.53917e-08','0','0','0','-5.9417e-08','1.79227e-06','-1.80467e-06','1.34796e-08','-2.4265e-09','1.71995e-09','-2.26048e-09','-3.53917e-08','2.73316e-08','0','0','0','0','0','0','0','0','0','0','0','0','0','0','0','0','0','0','0','0','0','0','0','0','0','0','0','0','0','0','0','0','0','0','0','0','0','0','0']

reports.append(Report(579633152, ("DT", -2, 2, 3), "MBwhAst2sec03"))
reports[-1].posNum = 154
reports[-1].negNum = 0
reports[-1].fittype = "6DOF"
reports[-1].add_parameters(ValErr(0.00220153, 0.0572991, 0), \
                           ValErr(0.125517, 0.458866, 0), \
                           ValErr(-0.279383, 0.431053, 0), \
                           ValErr(-0.00022117, 0.00137014, 0), \
                           ValErr(-6.78293e-05, 0.000685531, 0), \
                           ValErr(-0.000233063, 0.000655063, 0), \
                           280.122, 154, 154, -nan)
reports[-1].sigmax = ValErr(0.66092, 0.0378072, 0)
reports[-1].sigmay = ValErr(1.27402, 0.0729314, 0)
reports[-1].sigmadxdz = ValErr(0.00272894, 0.000155553, 0)
reports[-1].sigmadydz = ValErr(0, 0, 0)
reports[-1].add_stats(0.0240374, -0.0168203, -0.000364315, 0.00345779, 0.016188, -0.165742, -0.0003004, 0.000538377, 0.016188, -0.165742, -0.0003004, 0.000538377, 0.0471344, -0.183906, -0.000484068, 0.0003615, 0.0471344, -0.183906, -0.000484068, 0.0003615, 0.662393, 1.27529, 0.00272825, 0.0240776, 0.662393, 1.27529, 0.00272825, 0.0240776)
