nan = None;  NAN = None
nan = 0
reports = []
class ValErr:
    def __init__(self, value, error, antisym):
        self.value, self.error, self.antisym = value, error, antisym

    def __repr__(self):
        if self.antisym == 0.:
            return "%g +- %g" % (self.value, self.error)
        else:
            return "%g +- %g ~ %g" % (self.value, self.error, self.antisym)

class Report:
    def __init__(self, chamberId, postal_address, name):
        self.chamberId, self.postal_address, self.name = chamberId, postal_address, name
        self.status = "NOFIT"
        self.fittype = None
        self.CovMatrix = None

    def add_parameters(self, deltax, deltay, deltaz, deltaphix, deltaphiy, deltaphiz, loglikelihood, numsegments, sumofweights, redchi2):
        self.status = "PASS"
        self.deltax, self.deltay, self.deltaz, self.deltaphix, self.deltaphiy, self.deltaphiz = deltax, deltay, deltaz, deltaphix, deltaphiy, deltaphiz
        self.loglikelihood, self.numsegments, self.sumofweights, self.redchi2 = loglikelihood, numsegments, sumofweights, redchi2

    def add_stats(self, median_x, median_y, median_dxdz, median_dydz, mean30_x, mean30_y, mean20_dxdz, mean50_dydz, mean15_x, mean15_y, mean10_dxdz, mean25_dydz, wmean30_x, wmean30_y, wmean20_dxdz, wmean50_dydz, wmean15_x, wmean15_y, wmean10_dxdz, wmean25_dydz, stdev30_x, stdev30_y, stdev20_dxdz, stdev50_dydz, stdev15_x, stdev15_y, stdev10_dxdz, stdev25_dydz):
        self.median_x, self.median_y, self.median_dxdz, self.median_dydz, self.mean30_x, self.mean30_y, self.mean20_dxdz, self.mean50_dydz, self.mean15_x, self.mean15_y, self.mean10_dxdz, self.mean25_dydz, self.wmean30_x, self.wmean30_y, self.wmean20_dxdz, self.wmean50_dydz, self.wmean15_x, self.wmean15_y, self.wmean10_dxdz, self.wmean25_dydz, self.stdev30_x, self.stdev30_y, self.stdev20_dxdz, self.stdev50_dydz, self.stdev15_x, self.stdev15_y, self.stdev10_dxdz, self.stdev25_dydz = median_x, median_y, median_dxdz, median_dydz, mean30_x, mean30_y, mean20_dxdz, mean50_dydz, mean15_x, mean15_y, mean10_dxdz, mean25_dydz, wmean30_x, wmean30_y, wmean20_dxdz, wmean50_dydz, wmean15_x, wmean15_y, wmean10_dxdz, wmean25_dydz, stdev30_x, stdev30_y, stdev20_dxdz, stdev50_dydz, stdev15_x, stdev15_y, stdev10_dxdz, stdev25_dydz

    def __repr__(self):
        return "<Report %s %s %s>" % (self.postal_address[0], " ".join(map(str, self.postal_address[1:])), self.status)

reports.append(Report(574914560, ("DT", -2, 1, 1), "MBwhAst1sec01"))
reports[-1].posNum = 34
reports[-1].negNum = 0
reports[-1].fittype = "6DOF"
reports[-1].add_parameters(ValErr(0.0243058, 0.100265, 0), \
                           ValErr(-0.317725, 0.749438, 0), \
                           ValErr(0.645938, 0.605274, 0), \
                           ValErr(0.00259036, 0.00176384, 0), \
                           ValErr(-0.00157985, 0.00110039, 0), \
                           ValErr(0.000992188, 0.000934791, 0), \
                           97.094, 34, 34, -nan)
reports[-1].sigmax = ValErr(0.489898, 0.0595547, 0)
reports[-1].sigmay = ValErr(0.802631, 0.0975511, 0)
reports[-1].sigmadxdz = ValErr(0.00207231, 0.000251298, 0)
reports[-1].sigmadydz = ValErr(0, 0, 0)
reports[-1].add_stats(0.194326, 0.493528, -0.000152282, -0.012254, 0.0991296, 0.416114, -0.000680544, -0.00708285, 0.0991296, 0.416114, -0.000680544, -0.00708285, 0.0469052, 0.423788, -0.000574791, -0.00707206, 0.0469052, 0.423788, -0.000574791, -0.00707206, 0.498578, 0.83923, 0.00211809, 0.0286696, 0.498578, 0.83923, 0.00211809, 0.0286696)
reports[-1].CovMatrix = ['0.010053','0.0372584','-0.0307145','2.38051e-05','1.82094e-05','-1.36088e-05','-2.76218e-05','4.60341e-05','2.57115e-08','0','0','0','0.0372584','0.561657','-0.445646','0.000328764','-6.12972e-05','7.99485e-05','0.000735274','-0.00126765','3.35712e-07','0','0','0','-0.0307145','-0.445646','0.366357','-0.000236972','4.44973e-05','-5.79992e-05','-0.000605038','0.00104122','-2.41302e-07','0','0','0','2.38051e-05','0.000328764','-0.000236972','3.11113e-06','6.45972e-08','2.09483e-07','-1.85493e-06','2.09695e-06','3.18453e-09','0','0','0','1.82094e-05','-6.12972e-05','4.44973e-05','6.45972e-08','1.21085e-06','-9.64673e-07','-4.28853e-06','7.16792e-06','-2.85579e-10','0','0','0','-1.36088e-05','7.99485e-05','-5.79992e-05','2.09483e-07','-9.64673e-07','8.73835e-07','3.56764e-06','-5.80923e-06','-3.53965e-11','0','0','0','-2.76218e-05','0.000735274','-0.000605038','-1.85493e-06','-4.28853e-06','3.56764e-06','0.00354766','-2.85919e-05','-2.49626e-09','0','0','0','4.60341e-05','-0.00126765','0.00104122','2.09695e-06','7.16792e-06','-5.80923e-06','-2.85919e-05','0.00952032','1.62156e-09','0','0','0','2.57115e-08','3.35712e-07','-2.41302e-07','3.18453e-09','-2.85579e-10','-3.53965e-11','-2.49626e-09','1.62156e-09','6.3157e-08','0','0','0','0','0','0','0','0','0','0','0','0','0','0','0','0','0','0','0','0','0','0','0','0','0','0','0','0','0','0','0','0','0','0','0','0','0','0','0']

reports.append(Report(575176704, ("DT", -2, 1, 2), "MBwhAst1sec02"))
reports[-1].posNum = 28
reports[-1].negNum = 0
reports[-1].fittype = "6DOF"
reports[-1].add_parameters(ValErr(-0.0582612, 0.101776, 0), \
                           ValErr(-0.43416, 0.881407, 0), \
                           ValErr(0.576184, 0.70828, 0), \
                           ValErr(-0.00106281, 0.00237189, 0), \
                           ValErr(-0.00306452, 0.00137118, 0), \
                           ValErr(0.00235641, 0.00114708, 0), \
                           80.0034, 28, 28, -nan)
reports[-1].sigmax = ValErr(0.372705, 0.0500391, 0)
reports[-1].sigmay = ValErr(1.07018, 0.146845, 0)
reports[-1].sigmadxdz = ValErr(0.0020397, 0.000278147, 0)
reports[-1].sigmadydz = ValErr(0, 0, 0)
reports[-1].add_stats(-0.00865465, 0.417528, -0.000519875, -0.00949338, 0.05558, 0.286029, -0.000239572, -0.00148325, 0.05558, 0.286029, -0.000239572, -0.00148325, 0.10981, 0.246428, -0.000674741, 0.00246373, 0.10981, 0.246428, -0.000674741, 0.00246373, 0.406028, 1.02345, 0.0021392, 0.0256942, 0.406028, 1.02345, 0.0021392, 0.0256942)
reports[-1].CovMatrix = ['0.0103583','0.0588293','-0.0484749','4.50903e-05','3.68144e-05','-2.70689e-05','0.000232473','-0.000938484','5.55615e-07','0','0','0','0.0588293','0.776877','-0.607021','0.000647753','2.50687e-05','3.84464e-05','0.00191817','-0.000829504','-8.58922e-06','0','0','0','-0.0484749','-0.607021','0.501661','-0.000464256','-1.20601e-05','-3.19468e-05','-0.00147381','0.000787817','6.34722e-06','0','0','0','4.50903e-05','0.000647753','-0.000464256','5.62584e-06','1.18012e-07','4.47938e-07','8.27021e-06','1.78729e-05','-7.80275e-08','0','0','0','3.68144e-05','2.50687e-05','-1.20601e-05','1.18012e-07','1.88014e-06','-1.48096e-06','4.4669e-06','-4.39882e-05','5.96074e-08','0','0','0','-2.70689e-05','3.84464e-05','-3.19468e-05','4.47938e-07','-1.48096e-06','1.3158e-06','-3.03569e-06','3.77462e-05','-5.5315e-08','0','0','0','0.000232473','0.00191817','-0.00147381','8.27021e-06','4.4669e-06','-3.03569e-06','0.0025045','-8.20798e-05','2.67831e-08','0','0','0','-0.000938484','-0.000829504','0.000787817','1.78729e-05','-4.39882e-05','3.77462e-05','-8.20798e-05','0.0215796','-1.7005e-06','0','0','0','5.55615e-07','-8.58922e-06','6.34722e-06','-7.80275e-08','5.96074e-08','-5.5315e-08','2.67831e-08','-1.7005e-06','7.73757e-08','0','0','0','0','0','0','0','0','0','0','0','0','0','0','0','0','0','0','0','0','0','0','0','0','0','0','0','0','0','0','0','0','0','0','0','0','0','0','0']

reports.append(Report(575438848, ("DT", -2, 1, 3), "MBwhAst1sec03"))
reports[-1].posNum = 32
reports[-1].negNum = 0
reports[-1].fittype = "6DOF"
reports[-1].add_parameters(ValErr(-0.021867, 0.126501, 0), \
                           ValErr(0.267668, 0.988461, 0), \
                           ValErr(-0.144318, 0.802802, 0), \
                           ValErr(-0.00103447, 0.00199592, 0), \
                           ValErr(-0.00336318, 0.00132058, 0), \
                           ValErr(0.00275138, 0.00111059, 0), \
                           84.4977, 32, 32, -nan)
reports[-1].sigmax = ValErr(0.539107, 0.0677088, 0)
reports[-1].sigmay = ValErr(0.950572, 0.11965, 0)
reports[-1].sigmadxdz = ValErr(0.00197167, 0.00024858, 0)
reports[-1].sigmadydz = ValErr(0, 0, 0)
reports[-1].add_stats(0.0915814, 0.472413, 7.87893e-05, -0.00727251, 0.0200114, 0.126714, 5.29406e-06, -0.00429755, 0.0200114, 0.126714, 5.29406e-06, -0.00429755, -0.0301317, 0.0195788, 0.000124183, -0.00418735, -0.0301317, 0.0195788, 0.000124183, -0.00418735, 0.552419, 1.00211, 0.00202426, 0.0250591, 0.552419, 1.00211, 0.00202426, 0.0250591)
reports[-1].CovMatrix = ['0.0160024','0.0784388','-0.0644686','6.40515e-05','2.43926e-05','-1.43986e-05','-0.000546728','0.000460042','1.08888e-06','0','0','0','0.0784388','0.977056','-0.781804','0.000756685','-3.21907e-05','0.000102052','-0.00609171','0.00504827','1.21265e-05','0','0','0','-0.0644686','-0.781804','0.64449','-0.000594451','3.77481e-05','-9.05201e-05','0.00499345','-0.00433498','-9.49929e-06','0','0','0','6.40515e-05','0.000756685','-0.000594451','3.98371e-06','1.81101e-07','2.49325e-07','-5.971e-06','-2.01644e-05','6.45898e-08','0','0','0','2.43926e-05','-3.21907e-05','3.77481e-05','1.81101e-07','1.74393e-06','-1.39366e-06','-2.78157e-06','1.83395e-06','6.51505e-09','0','0','0','-1.43986e-05','0.000102052','-9.05201e-05','2.49325e-07','-1.39366e-06','1.23341e-06','1.81816e-06','-3.51307e-06','6.6477e-10','0','0','0','-0.000546728','-0.00609171','0.00499345','-5.971e-06','-2.78157e-06','1.81816e-06','0.00458585','-3.02962e-05','-1.02942e-07','0','0','0','0.000460042','0.00504827','-0.00433498','-2.01644e-05','1.83395e-06','-3.51307e-06','-3.02962e-05','0.0143242','-3.21118e-07','0','0','0','1.08888e-06','1.21265e-05','-9.49929e-06','6.45898e-08','6.51505e-09','6.6477e-10','-1.02942e-07','-3.21118e-07','6.17988e-08','0','0','0','0','0','0','0','0','0','0','0','0','0','0','0','0','0','0','0','0','0','0','0','0','0','0','0','0','0','0','0','0','0','0','0','0','0','0','0']

reports.append(Report(575700992, ("DT", -2, 1, 4), "MBwhAst1sec04"))
reports[-1].posNum = 32
reports[-1].negNum = 0
reports[-1].fittype = "6DOF"
reports[-1].add_parameters(ValErr(0.137081, 0.128404, 0), \
                           ValErr(-0.681016, 1.02098, 0), \
                           ValErr(0.450436, 0.826096, 0), \
                           ValErr(0.000431579, 0.00213044, 0), \
                           ValErr(-0.00108219, 0.00123956, 0), \
                           ValErr(0.000768825, 0.00106662, 0), \
                           80.8202, 32, 32, -nan)
reports[-1].sigmax = ValErr(0.593312, 0.074849, 0)
reports[-1].sigmay = ValErr(0.763243, 0.0972364, 0)
reports[-1].sigmadxdz = ValErr(0.00250317, 0.00031413, 0)
reports[-1].sigmadydz = ValErr(0, 0, 0)
reports[-1].add_stats(0.31802, -0.123738, -0.00047707, -0.0080004, 0.185445, -0.137471, -0.000145269, -0.00978412, 0.185445, -0.137471, -0.000145269, -0.00978412, 0.112035, -0.188469, -0.000134704, -0.0075354, 0.112035, -0.188469, -0.000134704, -0.0075354, 0.591984, 0.7837, 0.00249016, 0.0312697, 0.591984, 0.7837, 0.00249016, 0.0312697)
reports[-1].CovMatrix = ['0.0164877','0.0738554','-0.0603518','7.51901e-05','1.15092e-05','-2.71844e-06','0.000172361','1.65046e-05','-7.29257e-07','0','0','0','0.0738554','1.0424','-0.835998','0.00101303','-5.00259e-05','0.000133253','0.00373252','-0.00297357','-5.60679e-06','0','0','0','-0.0603518','-0.835998','0.682434','-0.000818982','3.31636e-05','-0.00010192','-0.00298225','0.00232034','4.68434e-06','0','0','0','7.51901e-05','0.00101303','-0.000818982','4.53876e-06','-3.57723e-07','6.78713e-07','1.11441e-05','-7.26099e-06','-2.21362e-08','0','0','0','1.15092e-05','-5.00259e-05','3.31636e-05','-3.57723e-07','1.53651e-06','-1.22577e-06','-1.07864e-05','2.29936e-05','-2.99093e-08','0','0','0','-2.71844e-06','0.000133253','-0.00010192','6.78713e-07','-1.22577e-06','1.13767e-06','1.04188e-05','-1.95262e-05','2.02699e-08','0','0','0','0.000172361','0.00373252','-0.00298225','1.11441e-05','-1.07864e-05','1.04188e-05','0.00560425','-0.000176743','1.44993e-07','0','0','0','1.65046e-05','-0.00297357','0.00232034','-7.26099e-06','2.29936e-05','-1.95262e-05','-0.000176743','0.00945916','-4.26844e-07','0','0','0','-7.29257e-07','-5.60679e-06','4.68434e-06','-2.21362e-08','-2.99093e-08','2.02699e-08','1.44993e-07','-4.26844e-07','9.86911e-08','0','0','0','0','0','0','0','0','0','0','0','0','0','0','0','0','0','0','0','0','0','0','0','0','0','0','0','0','0','0','0','0','0','0','0','0','0','0','0']

reports.append(Report(575963136, ("DT", -2, 1, 5), "MBwhAst1sec05"))
reports[-1].posNum = 22
reports[-1].negNum = 0
reports[-1].fittype = "6DOF"
reports[-1].add_parameters(ValErr(-0.0400076, 0.152114, 0), \
                           ValErr(-0.814902, 1.22093, 0), \
                           ValErr(0.801019, 0.990998, 0), \
                           ValErr(-0.000378588, 0.00354233, 0), \
                           ValErr(-0.00265649, 0.00212316, 0), \
                           ValErr(0.00162911, 0.0017454, 0), \
                           48.2448, 22, 22, -nan)
reports[-1].sigmax = ValErr(0.493823, 0.0778337, 0)
reports[-1].sigmay = ValErr(1.11653, 0.183389, 0)
reports[-1].sigmadxdz = ValErr(0.00286745, 0.000443992, 0)
reports[-1].sigmadydz = ValErr(0, 0, 0)
reports[-1].add_stats(0.171915, 0.162957, -0.000421394, 0.00222549, 0.0809012, 0.174655, -0.000817378, 0.00725073, 0.0809012, 0.174655, -0.000817378, 0.00725073, -0.0466132, 0.233086, -3.97894e-05, 0.00938213, -0.0466132, 0.233086, -3.97894e-05, 0.00938213, 0.529219, 1.05128, 0.00292855, 0.0232556, 0.529219, 1.05128, 0.00292855, 0.0232556)
reports[-1].CovMatrix = ['0.0231386','0.123961','-0.101802','9.06781e-05','9.74989e-05','-7.52882e-05','0.00170865','-0.00417201','8.85086e-07','0','0','0','0.123961','1.49068','-1.18526','0.00110663','0.000274653','-0.000135668','0.0115306','-0.0185482','-1.86925e-05','0','0','0','-0.101802','-1.18526','0.982077','-0.000760511','-0.000170177','8.0961e-05','-0.00885215','0.0145924','1.34835e-05','0','0','0','9.06781e-05','0.00110663','-0.000760511','1.25481e-05','1.4071e-06','1.06066e-07','3.11917e-05','3.37215e-05','-2.64989e-07','0','0','0','9.74989e-05','0.000274653','-0.000170177','1.4071e-06','4.50783e-06','-3.47613e-06','4.39869e-05','-0.000143142','1.12997e-07','0','0','0','-7.52882e-05','-0.000135668','8.0961e-05','1.06066e-07','-3.47613e-06','3.04642e-06','-3.47075e-05','0.000122765','-1.13989e-07','0','0','0','0.00170865','0.0115306','-0.00885215','3.11917e-05','4.39869e-05','-3.47075e-05','0.0060607','-0.00141666','6.42601e-07','0','0','0','-0.00417201','-0.0185482','0.0145924','3.37215e-05','-0.000143142','0.000122765','-0.00141666','0.0336697','-5.48185e-06','0','0','0','8.85086e-07','-1.86925e-05','1.34835e-05','-2.64989e-07','1.12997e-07','-1.13989e-07','6.42601e-07','-5.48185e-06','1.97175e-07','0','0','0','0','0','0','0','0','0','0','0','0','0','0','0','0','0','0','0','0','0','0','0','0','0','0','0','0','0','0','0','0','0','0','0','0','0','0','0']

reports.append(Report(576225280, ("DT", -2, 1, 6), "MBwhAst1sec06"))
reports[-1].posNum = 34
reports[-1].negNum = 0
reports[-1].fittype = "6DOF"
reports[-1].add_parameters(ValErr(0.0397345, 0.0851957, 0), \
                           ValErr(-1.76066, 0.816184, 0), \
                           ValErr(1.21871, 0.65509, 0), \
                           ValErr(0.00147504, 0.00187934, 0), \
                           ValErr(0.00061051, 0.00116131, 0), \
                           ValErr(-0.0010064, 0.000938687, 0), \
                           100.019, 34, 34, -nan)
reports[-1].sigmax = ValErr(0.414998, 0.0503652, 0)
reports[-1].sigmay = ValErr(0.871332, 0.11682, 0)
reports[-1].sigmadxdz = ValErr(0.00206741, 0.000246698, 0)
reports[-1].sigmadydz = ValErr(0, 0, 0)
reports[-1].add_stats(0.063097, -0.0829552, -0.000404186, -0.00926322, 0.103539, -0.255288, -0.000702659, -0.00446995, 0.103539, -0.255288, -0.000702659, -0.00446995, -0.00474614, -0.28754, -0.000526332, -0.00686408, -0.00474614, -0.28754, -0.000526332, -0.00686408, 0.437102, 0.884035, 0.0021286, 0.0224819, 0.437102, 0.884035, 0.0021286, 0.0224819)
reports[-1].CovMatrix = ['0.0072583','0.0319231','-0.0259636','2.11082e-05','1.58404e-05','-1.09311e-05','0.000218301','0.000755428','-6.0391e-07','0','0','0','0.0319231','0.666156','-0.525151','0.000504793','-2.96716e-05','5.34971e-05','0.00556347','-0.00462507','-6.0831e-06','0','0','0','-0.0259636','-0.525151','0.429143','-0.000408031','-3.68815e-06','-2.00342e-05','-0.00480909','0.00469571','5.69605e-06','0','0','0','2.11082e-05','0.000504793','-0.000408031','3.53191e-06','1.28048e-07','9.44437e-08','9.93144e-06','-4.109e-06','-2.10903e-08','0','0','0','1.58404e-05','-2.96716e-05','-3.68815e-06','1.28048e-07','1.34864e-06','-1.03209e-06','3.37439e-06','8.64961e-06','-2.91347e-08','0','0','0','-1.09311e-05','5.34971e-05','-2.00342e-05','9.44437e-08','-1.03209e-06','8.81133e-07','-2.53373e-06','-5.16214e-06','2.43196e-08','0','0','0','0.000218301','0.00556347','-0.00480909','9.93144e-06','3.37439e-06','-2.53373e-06','0.00253719','-0.00041934','-1.52475e-07','0','0','0','0.000755428','-0.00462507','0.00469571','-4.109e-06','8.64961e-06','-5.16214e-06','-0.00041934','0.0136548','2.77193e-07','0','0','0','-6.0391e-07','-6.0831e-06','5.69605e-06','-2.10903e-08','-2.91347e-08','2.43196e-08','-1.52475e-07','2.77193e-07','6.08661e-08','0','0','0','0','0','0','0','0','0','0','0','0','0','0','0','0','0','0','0','0','0','0','0','0','0','0','0','0','0','0','0','0','0','0','0','0','0','0','0']

reports.append(Report(576487424, ("DT", -2, 1, 7), "MBwhAst1sec07"))
reports[-1].posNum = 35
reports[-1].negNum = 0
reports[-1].fittype = "6DOF"
reports[-1].add_parameters(ValErr(0.0529645, 0.150059, 0), \
                           ValErr(0.0864843, 1.46916, 0), \
                           ValErr(-0.23868, 1.19769, 0), \
                           ValErr(0.000311726, 0.0032265, 0), \
                           ValErr(0.00279778, 0.00189154, 0), \
                           ValErr(-0.00214925, 0.00162012, 0), \
                           74.4598, 35, 35, -nan)
reports[-1].sigmax = ValErr(0.646499, 0.0791189, 0)
reports[-1].sigmay = ValErr(1.00349, 0.126847, 0)
reports[-1].sigmadxdz = ValErr(0.00260183, 0.000327142, 0)
reports[-1].sigmadydz = ValErr(0, 0, 0)
reports[-1].add_stats(-0.218214, -0.130755, -0.000177258, -0.00622085, -0.0097236, -0.179413, 0.000237808, -0.0038271, -0.0097236, -0.179413, 0.000237808, -0.0038271, -0.0331039, -0.243947, 0.000419769, -0.00332365, -0.0331039, -0.243947, 0.000419769, -0.00332365, 0.659873, 1.00184, 0.00262968, 0.0379196, 0.659873, 1.00184, 0.00262968, 0.0379196)
reports[-1].CovMatrix = ['0.0225177','0.142661','-0.117556','0.000117741','4.77838e-05','-3.10166e-05','-0.0017172','0.00152059','3.03042e-06','0','0','0','0.142661','2.15844','-1.7466','0.00184516','-0.000169394','0.000297453','-0.0244306','0.0157258','5.81537e-05','0','0','0','-0.117556','-1.7466','1.43445','-0.00138738','0.000108725','-0.000208635','0.0201601','-0.0146814','-4.35142e-05','0','0','0','0.000117741','0.00184516','-0.00138738','1.04103e-05','-3.02184e-07','1.09759e-06','-1.52098e-05','-9.92022e-05','3.2039e-07','0','0','0','4.77838e-05','-0.000169394','0.000108725','-3.02184e-07','3.57794e-06','-2.94539e-06','-3.05383e-06','2.406e-05','-5.00438e-08','0','0','0','-3.10166e-05','0.000297453','-0.000208635','1.09759e-06','-2.94539e-06','2.62479e-06','1.24664e-06','-2.79825e-05','6.77346e-08','0','0','0','-0.0017172','-0.0244306','0.0201601','-1.52098e-05','-3.05383e-06','1.24664e-06','0.00626197','-0.000288823','-4.28215e-07','0','0','0','0.00152059','0.0157258','-0.0146814','-9.92022e-05','2.406e-05','-2.79825e-05','-0.000288823','0.0160997','-3.29609e-06','0','0','0','3.03042e-06','5.81537e-05','-4.35142e-05','3.2039e-07','-5.00438e-08','6.77346e-08','-4.28215e-07','-3.29609e-06','1.07037e-07','0','0','0','0','0','0','0','0','0','0','0','0','0','0','0','0','0','0','0','0','0','0','0','0','0','0','0','0','0','0','0','0','0','0','0','0','0','0','0']

reports.append(Report(576749568, ("DT", -2, 1, 8), "MBwhAst1sec08"))
reports[-1].posNum = 28
reports[-1].negNum = 0
reports[-1].fittype = "6DOF"
reports[-1].add_parameters(ValErr(-0.286552, 0.116503, 0), \
                           ValErr(-0.405496, 1.01282, 0), \
                           ValErr(0.381212, 0.817819, 0), \
                           ValErr(0.00540556, 0.00242145, 0), \
                           ValErr(-0.000285859, 0.00155037, 0), \
                           ValErr(0.00137883, 0.00127064, 0), \
                           66.733, 28, 28, -nan)
reports[-1].sigmax = ValErr(0.522591, 0.0705772, 0)
reports[-1].sigmay = ValErr(0.968142, 0.132013, 0)
reports[-1].sigmadxdz = ValErr(0.00258298, 0.000348548, 0)
reports[-1].sigmadydz = ValErr(0, 0, 0)
reports[-1].add_stats(-0.220116, 0.131735, 0.00102347, -0.00851681, -0.244013, 0.00879389, 0.000935045, -0.00908053, -0.244013, 0.00879389, 0.000935045, -0.00908053, -0.158029, 0.00703007, 0.000890669, -0.0043815, -0.158029, 0.00703007, 0.000890669, -0.0043815, 0.523699, 1.0878, 0.00258231, 0.0240769, 0.523699, 1.0878, 0.00258231, 0.0240769)
reports[-1].CovMatrix = ['0.0135731','0.0581272','-0.0481758','5.40409e-05','3.20196e-05','-2.31384e-05','-0.000484789','0.000731171','4.87155e-07','0','0','0','0.0581272','1.02581','-0.814293','0.00094104','2.31337e-05','4.36517e-05','-0.00549407','0.00396782','1.69078e-05','0','0','0','-0.0481758','-0.814293','0.668827','-0.000750975','-5.30269e-05','-6.41073e-06','0.00467685','-0.00390076','-1.29456e-05','0','0','0','5.40409e-05','0.00094104','-0.000750975','5.86343e-06','3.85875e-07','1.16239e-07','-1.08393e-05','-1.74279e-05','1.0129e-07','0','0','0','3.20196e-05','2.31337e-05','-5.30269e-05','3.85875e-07','2.40365e-06','-1.85522e-06','-1.29774e-05','3.59085e-05','-3.14938e-08','0','0','0','-2.31384e-05','4.36517e-05','-6.41073e-06','1.16239e-07','-1.85522e-06','1.61451e-06','1.02119e-05','-3.05457e-05','3.10745e-08','0','0','0','-0.000484789','-0.00549407','0.00467685','-1.08393e-05','-1.29774e-05','1.02119e-05','0.00498281','-0.000199312','5.1154e-09','0','0','0','0.000731171','0.00396782','-0.00390076','-1.74279e-05','3.59085e-05','-3.05457e-05','-0.000199312','0.0174391','-8.89304e-07','0','0','0','4.87155e-07','1.69078e-05','-1.29456e-05','1.0129e-07','-3.14938e-08','3.10745e-08','5.1154e-09','-8.89304e-07','1.21505e-07','0','0','0','0','0','0','0','0','0','0','0','0','0','0','0','0','0','0','0','0','0','0','0','0','0','0','0','0','0','0','0','0','0','0','0','0','0','0','0']

reports.append(Report(577011712, ("DT", -2, 1, 9), "MBwhAst1sec09"))
reports[-1].posNum = 44
reports[-1].negNum = 0
reports[-1].fittype = "6DOF"
reports[-1].add_parameters(ValErr(0.1208, 0.0963353, 0), \
                           ValErr(1.0399, 0.761084, 0), \
                           ValErr(-0.985382, 0.613767, 0), \
                           ValErr(-0.000724295, 0.00185324, 0), \
                           ValErr(-7.69775e-05, 0.00115454, 0), \
                           ValErr(-0.000315299, 0.000964044, 0), \
                           108.635, 44, 44, -nan)
reports[-1].sigmax = ValErr(0.521508, 0.0556892, 0)
reports[-1].sigmay = ValErr(0.938783, 0.100065, 0)
reports[-1].sigmadxdz = ValErr(0.00244961, 0.000261376, 0)
reports[-1].sigmadydz = ValErr(0, 0, 0)
reports[-1].add_stats(-0.0327624, 0.145918, -0.000229158, -0.000220573, 0.0328751, -0.143499, -0.000371884, 0.00225506, 0.0328751, -0.143499, -0.000371884, 0.00225506, 0.0223352, 0.00989169, -0.000295959, 0.00183899, 0.0223352, 0.00989169, -0.000295959, 0.00183899, 0.533196, 0.951402, 0.0024567, 0.025863, 0.533196, 0.951402, 0.0024567, 0.025863)
reports[-1].CovMatrix = ['0.0092805','0.0392975','-0.0323089','2.9471e-05','1.93284e-05','-1.39996e-05','7.79089e-05','-5.01632e-05','-2.08503e-07','0','0','0','0.0392975','0.579249','-0.458833','0.000412829','-1.94196e-05','5.00624e-05','0.0001563','-0.00027842','1.71944e-07','0','0','0','-0.0323089','-0.458833','0.37671','-0.000312022','1.33565e-05','-3.66022e-05','-0.000144963','0.000258803','-1.14508e-07','0','0','0','2.9471e-05','0.000412829','-0.000312022','3.43448e-06','1.9051e-07','1.41197e-07','-3.09453e-07','1.64953e-06','-2.04322e-09','0','0','0','1.93284e-05','-1.94196e-05','1.33565e-05','1.9051e-07','1.33295e-06','-1.04271e-06','3.82723e-06','-1.71938e-06','-1.33577e-08','0','0','0','-1.39996e-05','5.00624e-05','-3.66022e-05','1.41197e-07','-1.04271e-06','9.2938e-07','-3.32909e-06','1.59951e-06','1.1498e-08','0','0','0','7.79089e-05','0.0001563','-0.000144963','-3.09453e-07','3.82723e-06','-3.32909e-06','0.00310193','-6.02468e-06','-4.14441e-08','0','0','0','-5.01632e-05','-0.00027842','0.000258803','1.64953e-06','-1.71938e-06','1.59951e-06','-6.02468e-06','0.0100169','1.82645e-08','0','0','0','-2.08503e-07','1.71944e-07','-1.14508e-07','-2.04322e-09','-1.33577e-08','1.1498e-08','-4.14441e-08','1.82645e-08','6.83241e-08','0','0','0','0','0','0','0','0','0','0','0','0','0','0','0','0','0','0','0','0','0','0','0','0','0','0','0','0','0','0','0','0','0','0','0','0','0','0','0']

reports.append(Report(577273856, ("DT", -2, 1, 10), "MBwhAst1sec10"))
reports[-1].posNum = 37
reports[-1].negNum = 0
reports[-1].fittype = "6DOF"
reports[-1].add_parameters(ValErr(0.231593, 0.0903856, 0), \
                           ValErr(0.819582, 0.778818, 0), \
                           ValErr(-0.607336, 0.629551, 0), \
                           ValErr(0.00377435, 0.0018635, 0), \
                           ValErr(-0.00158643, 0.000984332, 0), \
                           ValErr(0.000763405, 0.000825894, 0), \
                           105.893, 37, 37, -nan)
reports[-1].sigmax = ValErr(0.440281, 0.0513592, 0)
reports[-1].sigmay = ValErr(0.690464, 0.0806855, 0)
reports[-1].sigmadxdz = ValErr(0.00266357, 0.000313948, 0)
reports[-1].sigmadydz = ValErr(0, 0, 0)
reports[-1].add_stats(0.205693, 0.101719, -0.00085721, 0.00360117, 0.190441, 0.0558653, -0.00105011, 0.00591625, 0.190441, 0.0558653, -0.00105011, 0.00591625, 0.238403, 0.0970815, -0.00122284, 0.00871771, 0.238403, 0.0970815, -0.00122284, 0.00871771, 0.453461, 0.734977, 0.00260327, 0.0380487, 0.453461, 0.734977, 0.00260327, 0.0380487)
reports[-1].CovMatrix = ['0.00816956','0.040545','-0.0331355','4.87179e-05','9.5097e-06','-3.92647e-06','-0.000184526','-6.8361e-06','1.18118e-06','0','0','0','0.040545','0.606558','-0.485024','0.000703688','-3.64983e-05','8.97446e-05','-0.00261309','-0.000848833','1.94113e-05','0','0','0','-0.0331355','-0.485024','0.396334','-0.000561015','2.87206e-05','-7.13237e-05','0.00211295','0.000634287','-1.54709e-05','0','0','0','4.87179e-05','0.000703688','-0.000561015','3.47262e-06','-4.28414e-08','3.22572e-07','-7.38262e-06','-1.25056e-05','9.39198e-08','0','0','0','9.5097e-06','-3.64983e-05','2.87206e-05','-4.28414e-08','9.68909e-07','-7.22667e-07','-3.58443e-07','4.18554e-06','-1.3892e-08','0','0','0','-3.92647e-06','8.97446e-05','-7.13237e-05','3.22572e-07','-7.22667e-07','6.82101e-07','-2.20022e-07','-4.4519e-06','1.86104e-08','0','0','0','-0.000184526','-0.00261309','0.00211295','-7.38262e-06','-3.58443e-07','-2.20022e-07','0.00263832','1.98404e-05','-1.93273e-07','0','0','0','-6.8361e-06','-0.000848833','0.000634287','-1.25056e-05','4.18554e-06','-4.4519e-06','1.98404e-05','0.00651234','-3.92327e-07','0','0','0','1.18118e-06','1.94113e-05','-1.54709e-05','9.39198e-08','-1.3892e-08','1.86104e-08','-1.93273e-07','-3.92327e-07','9.8576e-08','0','0','0','0','0','0','0','0','0','0','0','0','0','0','0','0','0','0','0','0','0','0','0','0','0','0','0','0','0','0','0','0','0','0','0','0','0','0','0']

reports.append(Report(577536000, ("DT", -2, 1, 11), "MBwhAst1sec11"))
reports[-1].posNum = 36
reports[-1].negNum = 0
reports[-1].fittype = "6DOF"
reports[-1].add_parameters(ValErr(0.180521, 0.117177, 0), \
                           ValErr(0.961617, 1.16595, 0), \
                           ValErr(-0.745323, 0.93735, 0), \
                           ValErr(0.00115808, 0.00259845, 0), \
                           ValErr(-0.000933601, 0.00156445, 0), \
                           ValErr(0.000383124, 0.00125495, 0), \
                           82.9051, 36, 36, -nan)
reports[-1].sigmax = ValErr(0.519995, 0.0616744, 0)
reports[-1].sigmay = ValErr(1.01436, 0.121541, 0)
reports[-1].sigmadxdz = ValErr(0.00268476, 0.000321708, 0)
reports[-1].sigmadydz = ValErr(0, 0, 0)
reports[-1].add_stats(0.175178, 0.0987419, -5.4956e-05, 0.00466683, 0.120096, 0.0450125, -0.000573661, 0.00263998, 0.120096, 0.0450125, -0.000573661, 0.00263998, 0.0940265, -0.0455876, -0.000390424, 0.00310824, 0.0940265, -0.0455876, -0.000390424, 0.00310824, 0.527644, 1.02156, 0.00265984, 0.0284754, 0.527644, 1.02156, 0.00265984, 0.0284754)
reports[-1].CovMatrix = ['0.0137304','0.0909458','-0.0738891','9.08602e-05','6.77399e-06','2.18015e-06','-0.000448114','0.000124807','2.0307e-06','0','0','0','0.0909458','1.35944','-1.08121','0.00133016','5.44229e-05','6.2272e-05','-0.00652154','0.00158219','2.99017e-05','0','0','0','-0.0738891','-1.08121','0.878624','-0.00111625','-4.96306e-05','-4.93497e-05','0.00530217','-0.000985527','-2.50801e-05','0','0','0','9.08602e-05','0.00133016','-0.00111625','6.75194e-06','3.92517e-07','2.6531e-07','-5.84387e-06','-4.51787e-05','1.51024e-07','0','0','0','6.77399e-06','5.44229e-05','-4.96306e-05','3.92517e-07','2.4475e-06','-1.8537e-06','-6.29109e-06','1.16116e-05','1.87587e-09','0','0','0','2.18015e-06','6.2272e-05','-4.93497e-05','2.6531e-07','-1.8537e-06','1.57489e-06','4.8643e-06','-1.31959e-05','9.89724e-09','0','0','0','-0.000448114','-0.00652154','0.00530217','-5.84387e-06','-6.29109e-06','4.8643e-06','0.00380472','-5.10787e-05','-1.19332e-07','0','0','0','0.000124807','0.00158219','-0.000985527','-4.51787e-05','1.16116e-05','-1.31959e-05','-5.10787e-05','0.0147802','-1.04618e-06','0','0','0','2.0307e-06','2.99017e-05','-2.50801e-05','1.51024e-07','1.87587e-09','9.89724e-09','-1.19332e-07','-1.04618e-06','1.0351e-07','0','0','0','0','0','0','0','0','0','0','0','0','0','0','0','0','0','0','0','0','0','0','0','0','0','0','0','0','0','0','0','0','0','0','0','0','0','0','0']

reports.append(Report(577798144, ("DT", -2, 1, 12), "MBwhAst1sec12"))
reports[-1].posNum = 19
reports[-1].negNum = 0
reports[-1].fittype = "6DOF"
reports[-1].add_parameters(ValErr(0.109393, 0.173947, 0), \
                           ValErr(-1.01533, 1.77803, 0), \
                           ValErr(1.13284, 1.43691, 0), \
                           ValErr(0.00119753, 0.00401928, 0), \
                           ValErr(0.00238446, 0.00214118, 0), \
                           ValErr(-0.00276742, 0.00184165, 0), \
                           42.0458, 19, 19, -nan)
reports[-1].sigmax = ValErr(0.55108, 0.0896935, 0)
reports[-1].sigmay = ValErr(0.877315, 0.14524, 0)
reports[-1].sigmadxdz = ValErr(0.00320525, 0.000531664, 0)
reports[-1].sigmadydz = ValErr(0, 0, 0)
reports[-1].add_stats(0.0969851, 0.49564, -0.000962323, -0.00339906, 0.136284, 0.364348, -0.00106236, -0.00410861, 0.136284, 0.364348, -0.00106236, -0.00410861, 0.231075, 0.610935, -0.00139535, -0.00374957, 0.231075, 0.610935, -0.00139535, -0.00374957, 0.568449, 0.937266, 0.00318322, 0.0293502, 0.568449, 0.937266, 0.00318322, 0.0293502)
reports[-1].CovMatrix = ['0.0302577','0.197628','-0.162195','0.00023875','6.65974e-05','-3.89252e-05','0.000893823','-0.000188819','-4.3754e-06','0','0','0','0.197628','3.16141','-2.53594','0.00414808','-0.000299032','0.000579767','0.0114936','0.0109622','-0.000105438','0','0','0','-0.162195','-2.53594','2.0647','-0.00318561','0.000166084','-0.000394234','-0.00943183','-0.00709582','7.96906e-05','0','0','0','0.00023875','0.00414808','-0.00318561','1.61546e-05','-1.28666e-06','2.31179e-06','1.62868e-05','8.82631e-05','-4.13076e-07','0','0','0','6.65974e-05','-0.000299032','0.000166084','-1.28666e-06','4.58464e-06','-3.66821e-06','6.42847e-06','-4.40002e-05','1.23328e-07','0','0','0','-3.89252e-05','0.000579767','-0.000394234','2.31179e-06','-3.66821e-06','3.39166e-06','-4.50503e-06','4.27827e-05','-1.29523e-07','0','0','0','0.000893823','0.0114936','-0.00943183','1.62868e-05','6.42847e-06','-4.50503e-06','0.00804907','-1.88341e-05','-2.60311e-07','0','0','0','-0.000188819','0.0109622','-0.00709582','8.82631e-05','-4.40002e-05','4.27827e-05','-1.88341e-05','0.0211131','-3.00326e-06','0','0','0','-4.3754e-06','-0.000105438','7.96906e-05','-4.13076e-07','1.23328e-07','-1.29523e-07','-2.60311e-07','-3.00326e-06','2.82752e-07','0','0','0','0','0','0','0','0','0','0','0','0','0','0','0','0','0','0','0','0','0','0','0','0','0','0','0','0','0','0','0','0','0','0','0','0','0','0','0']

reports.append(Report(579108864, ("DT", -2, 2, 1), "MBwhAst2sec01"))
reports[-1].posNum = 30
reports[-1].negNum = 0
reports[-1].fittype = "6DOF"
reports[-1].add_parameters(ValErr(-0.201388, 0.158246, 0), \
                           ValErr(0.463054, 1.19529, 0), \
                           ValErr(-0.510408, 1.15119, 0), \
                           ValErr(0.000265768, 0.00349754, 0), \
                           ValErr(0.000367177, 0.00160322, 0), \
                           ValErr(0.000227069, 0.00160791, 0), \
                           52.1058, 30, 30, -nan)
reports[-1].sigmax = ValErr(0.711098, 0.0926388, 0)
reports[-1].sigmay = ValErr(1.38703, 0.181083, 0)
reports[-1].sigmadxdz = ValErr(0.00252956, 0.0003295, 0)
reports[-1].sigmadydz = ValErr(0, 0, 0)
reports[-1].add_stats(-0.182157, -0.0185804, 9.34064e-05, 0.00604252, -0.160092, -0.0525213, 0.000644053, 0.000829248, -0.160092, -0.0525213, 0.000644053, 0.000829248, -0.224783, 0.138352, 0.000764651, 0.00141845, -0.224783, 0.138352, 0.000764651, 0.00141845, 0.717787, 1.37973, 0.00252233, 0.0225881, 0.717787, 1.37973, 0.00252233, 0.0225881)
reports[-1].CovMatrix = ['0.0250419','-0.10624','0.10366','-6.56199e-05','4.81441e-05','-4.65504e-05','0.00150934','-0.00039528','9.55955e-08','0','0','0','-0.10624','1.42871','-1.34278','0.000756313','3.90752e-05','-0.00010732','-0.0145744','0.0211957','1.24933e-05','0','0','0','0.10366','-1.34278','1.32525','-0.000594237','-0.000124563','0.000182627','0.0140516','-0.0235018','-1.02471e-05','0','0','0','-6.56199e-05','0.000756313','-0.000594237','1.22328e-05','-2.16127e-07','-7.44827e-07','1.80001e-06','-0.000109816','2.2587e-07','0','0','0','4.81441e-05','3.90752e-05','-0.000124563','-2.16127e-07','2.57033e-06','-2.44194e-06','5.69688e-07','1.15021e-05','-9.54049e-09','0','0','0','-4.65504e-05','-0.00010732','0.000182627','-7.44827e-07','-2.44194e-06','2.58536e-06','6.82926e-07','-2.524e-07','-5.59838e-09','0','0','0','0.00150934','-0.0145744','0.0140516','1.80001e-06','5.69688e-07','6.82926e-07','0.00858566','-0.000569882','-2.29997e-07','0','0','0','-0.00039528','0.0211957','-0.0235018','-0.000109816','1.15021e-05','-2.524e-07','-0.000569882','0.0328212','-3.37016e-06','0','0','0','9.55955e-08','1.24933e-05','-1.02471e-05','2.2587e-07','-9.54049e-09','-5.59838e-09','-2.29997e-07','-3.37016e-06','1.08586e-07','0','0','0','0','0','0','0','0','0','0','0','0','0','0','0','0','0','0','0','0','0','0','0','0','0','0','0','0','0','0','0','0','0','0','0','0','0','0','0']

reports.append(Report(579371008, ("DT", -2, 2, 2), "MBwhAst2sec02"))
reports[-1].posNum = 28
reports[-1].negNum = 0
reports[-1].fittype = "6DOF"
reports[-1].add_parameters(ValErr(-0.170417, 0.138828, 0), \
                           ValErr(-0.791588, 1.01886, 0), \
                           ValErr(0.872825, 0.965772, 0), \
                           ValErr(0.00306091, 0.00272425, 0), \
                           ValErr(-0.00144747, 0.00142748, 0), \
                           ValErr(0.00216186, 0.00140321, 0), \
                           56.6282, 28, 28, -nan)
reports[-1].sigmax = ValErr(0.694975, 0.0928921, 0)
reports[-1].sigmay = ValErr(1.20312, 0.160804, 0)
reports[-1].sigmadxdz = ValErr(0.00224224, 0.000299885, 0)
reports[-1].sigmadydz = ValErr(0, 0, 0)
reports[-1].add_stats(0.053957, 0.287642, 0.00144074, -0.00443682, -0.174383, 0.0881116, 0.000885248, -0.00214326, -0.174383, 0.0881116, 0.000885248, -0.00214326, -0.245823, 0.0621112, 0.00110324, -0.00564207, -0.245823, 0.0621112, 0.00110324, -0.00564207, 0.710668, 1.25544, 0.00225947, 0.0236529, 0.710668, 1.25544, 0.00225947, 0.0236529)
reports[-1].CovMatrix = ['0.0192731','-0.0393676','0.0381337','-2.95941e-05','2.55551e-05','-2.35332e-05','-1.10122e-05','0.000130769','-1.77835e-07','0','0','0','-0.0393676','1.03808','-0.959131','0.000484501','9.84529e-05','-0.000119452','0.00148642','-0.0017037','-1.63123e-06','0','0','0','0.0381337','-0.959131','0.932716','-0.000451787','-0.000103558','0.000123205','-0.00146149','0.00169047','1.62509e-06','0','0','0','-2.95941e-05','0.000484501','-0.000451787','7.42155e-06','8.72118e-08','-3.69966e-07','-1.65668e-06','9.7476e-06','-1.235e-08','0','0','0','2.55551e-05','9.84529e-05','-0.000103558','8.72118e-08','2.0377e-06','-1.91223e-06','2.62168e-06','5.08715e-06','-1.78799e-08','0','0','0','-2.35332e-05','-0.000119452','0.000123205','-3.69966e-07','-1.91223e-06','1.96901e-06','-2.40002e-06','-5.27749e-06','1.75643e-08','0','0','0','-1.10122e-05','0.00148642','-0.00146149','-1.65668e-06','2.62168e-06','-2.40002e-06','0.00863278','2.45784e-07','-2.02588e-08','0','0','0','0.000130769','-0.0017037','0.00169047','9.7476e-06','5.08715e-06','-5.27749e-06','2.45784e-07','0.025879','-5.97946e-08','0','0','0','-1.77835e-07','-1.63123e-06','1.62509e-06','-1.235e-08','-1.78799e-08','1.75643e-08','-2.02588e-08','-5.97946e-08','8.99432e-08','0','0','0','0','0','0','0','0','0','0','0','0','0','0','0','0','0','0','0','0','0','0','0','0','0','0','0','0','0','0','0','0','0','0','0','0','0','0','0']

reports.append(Report(579633152, ("DT", -2, 2, 3), "MBwhAst2sec03"))
reports[-1].posNum = 29
reports[-1].negNum = 0
reports[-1].fittype = "6DOF"
reports[-1].add_parameters(ValErr(0.262082, 0.173876, 0), \
                           ValErr(0.985883, 1.59944, 0), \
                           ValErr(-0.914693, 1.53739, 0), \
                           ValErr(-0.00140748, 0.00360113, 0), \
                           ValErr(-0.000269785, 0.00195674, 0), \
                           ValErr(-0.000716498, 0.00188656, 0), \
                           45.2297, 29, 29, -nan)
reports[-1].sigmax = ValErr(0.920479, 0.124938, 0)
reports[-1].sigmay = ValErr(1.0552, 0.153085, 0)
reports[-1].sigmadxdz = ValErr(0.00306643, 0.000406058, 0)
reports[-1].sigmadydz = ValErr(0, 0, 0)
reports[-1].add_stats(0.255775, 0.0752651, -0.00114553, 0.000483641, 0.272378, 0.0321437, -0.000916083, -0.00160568, 0.272378, 0.0321437, -0.000916083, -0.00160568, 0.155964, 0.195739, -0.0011275, -0.00379229, 0.155964, 0.195739, -0.0011275, -0.00379229, 0.930258, 1.07261, 0.00307737, 0.0228324, 0.930258, 1.07261, 0.00307737, 0.0228324)
