nan = None;  NAN = None
nan = 0
reports = []
class ValErr:
    def __init__(self, value, error, antisym):
        self.value, self.error, self.antisym = value, error, antisym

    def __repr__(self):
        if self.antisym == 0.:
            return "%g +- %g" % (self.value, self.error)
        else:
            return "%g +- %g ~ %g" % (self.value, self.error, self.antisym)

class Report:
    def __init__(self, chamberId, postal_address, name):
        self.chamberId, self.postal_address, self.name = chamberId, postal_address, name
        self.status = "NOFIT"
        self.fittype = None
        self.CovMatrix = None

    def add_parameters(self, deltax, deltay, deltaz, deltaphix, deltaphiy, deltaphiz, loglikelihood, numsegments, sumofweights, redchi2):
        self.status = "PASS"
        self.deltax, self.deltay, self.deltaz, self.deltaphix, self.deltaphiy, self.deltaphiz = deltax, deltay, deltaz, deltaphix, deltaphiy, deltaphiz
        self.loglikelihood, self.numsegments, self.sumofweights, self.redchi2 = loglikelihood, numsegments, sumofweights, redchi2

    def add_stats(self, median_x, median_y, median_dxdz, median_dydz, mean30_x, mean30_y, mean20_dxdz, mean50_dydz, mean15_x, mean15_y, mean10_dxdz, mean25_dydz, wmean30_x, wmean30_y, wmean20_dxdz, wmean50_dydz, wmean15_x, wmean15_y, wmean10_dxdz, wmean25_dydz, stdev30_x, stdev30_y, stdev20_dxdz, stdev50_dydz, stdev15_x, stdev15_y, stdev10_dxdz, stdev25_dydz):
        self.median_x, self.median_y, self.median_dxdz, self.median_dydz, self.mean30_x, self.mean30_y, self.mean20_dxdz, self.mean50_dydz, self.mean15_x, self.mean15_y, self.mean10_dxdz, self.mean25_dydz, self.wmean30_x, self.wmean30_y, self.wmean20_dxdz, self.wmean50_dydz, self.wmean15_x, self.wmean15_y, self.wmean10_dxdz, self.wmean25_dydz, self.stdev30_x, self.stdev30_y, self.stdev20_dxdz, self.stdev50_dydz, self.stdev15_x, self.stdev15_y, self.stdev10_dxdz, self.stdev25_dydz = median_x, median_y, median_dxdz, median_dydz, mean30_x, mean30_y, mean20_dxdz, mean50_dydz, mean15_x, mean15_y, mean10_dxdz, mean25_dydz, wmean30_x, wmean30_y, wmean20_dxdz, wmean50_dydz, wmean15_x, wmean15_y, wmean10_dxdz, wmean25_dydz, stdev30_x, stdev30_y, stdev20_dxdz, stdev50_dydz, stdev15_x, stdev15_y, stdev10_dxdz, stdev25_dydz

    def __repr__(self):
        return "<Report %s %s %s>" % (self.postal_address[0], " ".join(map(str, self.postal_address[1:])), self.status)

reports.append(Report(574914560, ("DT", -2, 1, 1), "MBwhAst1sec01"))
reports[-1].posNum = 329
reports[-1].negNum = 0
reports[-1].fittype = "6DOF"
reports[-1].add_parameters(ValErr(-0.0400486, 0.0350151, 0), \
                           ValErr(-0.372985, 0.309311, 0), \
                           ValErr(0.322342, 0.250031, 0), \
                           ValErr(0.000263442, 0.000741862, 0), \
                           ValErr(-0.000717657, 0.000457579, 0), \
                           ValErr(0.000584999, 0.000379706, 0), \
                           782.371, 329, 329, -nan)
reports[-1].sigmax = ValErr(0.530734, 0.0206987, 0)
reports[-1].sigmay = ValErr(0.996607, 0.0388718, 0)
reports[-1].sigmadxdz = ValErr(0.00248386, 9.68687e-05, 0)
reports[-1].sigmadydz = ValErr(0, 0, 0)
reports[-1].add_stats(0.0163212, -0.0475307, -0.000161709, -0.0034322, -0.00638329, 0.00289823, -5.27297e-05, -0.00129511, -0.00638329, 0.00289823, -5.27297e-05, -0.00129511, -0.0115132, -0.0218885, -2.77901e-05, -0.00105533, -0.0115132, -0.0218885, -2.77901e-05, -0.00105533, 0.533476, 0.997748, 0.00248647, 0.0302413, 0.533476, 0.997748, 0.00248647, 0.0302413)
reports[-1].CovMatrix = ['0.00122606','0.00544424','-0.00450803','4.29103e-06','2.95276e-06','-2.20972e-06','7.68186e-06','-7.90622e-06','-1.25683e-08','0','0','0','0.00544424','0.0956736','-0.0760681','7.33436e-05','-3.33417e-06','7.76882e-06','5.84019e-05','5.92473e-06','-2.60603e-07','0','0','0','-0.00450803','-0.0760681','0.0625153','-5.60664e-05','5.47302e-07','-4.26308e-06','-4.9439e-05','6.12027e-06','1.97455e-07','0','0','0','4.29103e-06','7.33436e-05','-5.60664e-05','5.5036e-07','2.84161e-08','1.71026e-08','2.1054e-07','4.09136e-07','-1.89779e-09','0','0','0','2.95276e-06','-3.33417e-06','5.47302e-07','2.84161e-08','2.09379e-07','-1.64375e-07','2.44282e-07','-4.98039e-07','1.11513e-10','0','0','0','-2.20972e-06','7.76882e-06','-4.26308e-06','1.71026e-08','-1.64375e-07','1.44177e-07','-1.93182e-07','4.40155e-07','-1.88109e-10','0','0','0','7.68186e-06','5.84019e-05','-4.9439e-05','2.1054e-07','2.44282e-07','-1.93182e-07','0.000428448','-4.74672e-07','-5.33992e-10','0','0','0','-7.90622e-06','5.92473e-06','6.12027e-06','4.09136e-07','-4.98039e-07','4.40155e-07','-4.74672e-07','0.0015111','-1.88896e-09','0','0','0','-1.25683e-08','-2.60603e-07','1.97455e-07','-1.89779e-09','1.11513e-10','-1.88109e-10','-5.33992e-10','-1.88896e-09','9.38367e-09','0','0','0','0','0','0','0','0','0','0','0','0','0','0','0','0','0','0','0','0','0','0','0','0','0','0','0','0','0','0','0','0','0','0','0','0','0','0','0']

reports.append(Report(575176704, ("DT", -2, 1, 2), "MBwhAst1sec02"))
reports[-1].posNum = 276
reports[-1].negNum = 0
reports[-1].fittype = "6DOF"
reports[-1].add_parameters(ValErr(0.0676933, 0.0376324, 0), \
                           ValErr(-0.111148, 0.336972, 0), \
                           ValErr(0.166629, 0.270913, 0), \
                           ValErr(0.000499659, 0.000805318, 0), \
                           ValErr(-0.000766041, 0.000473102, 0), \
                           ValErr(0.000439752, 0.000389935, 0), \
                           663.191, 276, 276, -nan)
reports[-1].sigmax = ValErr(0.51771, 0.0220652, 0)
reports[-1].sigmay = ValErr(0.969676, 0.0414293, 0)
reports[-1].sigmadxdz = ValErr(0.00255263, 0.000108992, 0)
reports[-1].sigmadydz = ValErr(0, 0, 0)
reports[-1].add_stats(0.110366, 0.0338555, -0.000418432, -0.00379347, 0.0860377, 0.0821224, -0.000299515, -0.00142374, 0.0860377, 0.0821224, -0.000299515, -0.00142374, 0.0865809, 0.0368822, -0.000330674, -0.000826347, 0.0865809, 0.0368822, -0.000330674, -0.000826347, 0.519769, 0.966983, 0.00256239, 0.0278517, 0.519769, 0.966983, 0.00256239, 0.0278517)
reports[-1].CovMatrix = ['0.0014162','0.00682986','-0.0055984','6.10336e-06','1.73431e-06','-9.69021e-07','2.4638e-05','-2.35307e-05','-5.51795e-08','0','0','0','0.00682986','0.11355','-0.0898922','9.52292e-05','-6.944e-06','1.27919e-05','0.000351051','-0.000250272','-1.03529e-06','0','0','0','-0.0055984','-0.0898922','0.0733939','-7.68976e-05','3.218e-06','-8.3919e-06','-0.000289249','0.000219116','8.23729e-07','0','0','0','6.10336e-06','9.52292e-05','-7.68976e-05','6.48537e-07','1.54911e-08','3.7068e-08','2.95146e-07','2.05334e-06','-6.72745e-09','0','0','0','1.73431e-06','-6.944e-06','3.218e-06','1.54911e-08','2.23825e-07','-1.72771e-07','2.13608e-07','-7.72595e-07','9.93502e-10','0','0','0','-9.69021e-07','1.27919e-05','-8.3919e-06','3.7068e-08','-1.72771e-07','1.5205e-07','-1.60964e-07','7.86997e-07','-1.26842e-09','0','0','0','2.4638e-05','0.000351051','-0.000289249','2.95146e-07','2.13608e-07','-1.60964e-07','0.00048689','-1.80394e-06','-2.00982e-09','0','0','0','-2.35307e-05','-0.000250272','0.000219116','2.05334e-06','-7.72595e-07','7.86997e-07','-1.80394e-06','0.0017165','-2.55167e-08','0','0','0','-5.51795e-08','-1.03529e-06','8.23729e-07','-6.72745e-09','9.93502e-10','-1.26842e-09','-2.00982e-09','-2.55167e-08','1.18794e-08','0','0','0','0','0','0','0','0','0','0','0','0','0','0','0','0','0','0','0','0','0','0','0','0','0','0','0','0','0','0','0','0','0','0','0','0','0','0','0']

reports.append(Report(575438848, ("DT", -2, 1, 3), "MBwhAst1sec03"))
reports[-1].posNum = 300
reports[-1].negNum = 0
reports[-1].fittype = "6DOF"
reports[-1].add_parameters(ValErr(0.0647211, 0.0383938, 0), \
                           ValErr(0.440339, 0.324426, 0), \
                           ValErr(-0.442446, 0.262675, 0), \
                           ValErr(-0.00052675, 0.000762505, 0), \
                           ValErr(0.000453142, 0.000459579, 0), \
                           ValErr(-0.000457089, 0.000384996, 0), \
                           722.967, 300, 300, -nan)
reports[-1].sigmax = ValErr(0.525751, 0.0214845, 0)
reports[-1].sigmay = ValErr(0.960879, 0.0393205, 0)
reports[-1].sigmadxdz = ValErr(0.00251903, 0.000103106, 0)
reports[-1].sigmadydz = ValErr(0, 0, 0)
reports[-1].add_stats(0.0680828, -0.0867324, -0.000197491, -0.004282, 0.0188817, -0.0840653, -2.71132e-05, -0.00197049, 0.0188817, -0.0840653, -2.71132e-05, -0.00197049, 0.0151038, -0.0979259, -4.92105e-05, -0.00165567, 0.0151038, -0.0979259, -4.92105e-05, -0.00165567, 0.530063, 0.959653, 0.00252768, 0.0288152, 0.530063, 0.959653, 0.00252768, 0.0288152)
reports[-1].CovMatrix = ['0.00147408','0.0071096','-0.00585095','6.39373e-06','2.94121e-06','-1.97317e-06','-2.0939e-05','2.17927e-05','4.78206e-08','0','0','0','0.0071096','0.105252','-0.0839319','9.18242e-05','-6.5595e-06','1.31959e-05','-0.000253275','0.00013352','9.00482e-07','0','0','0','-0.00585095','-0.0839319','0.0689981','-7.04495e-05','4.95061e-06','-1.00506e-05','0.000207404','-0.000125516','-6.9051e-07','0','0','0','6.39373e-06','9.18242e-05','-7.04495e-05','5.81414e-07','1.49712e-08','3.76212e-08','-3.62777e-07','-1.36846e-06','5.45405e-09','0','0','0','2.94121e-06','-6.5595e-06','4.95061e-06','1.49712e-08','2.11213e-07','-1.6583e-07','-2.08557e-07','6.86101e-07','-7.83915e-10','0','0','0','-1.97317e-06','1.31959e-05','-1.00506e-05','3.76212e-08','-1.6583e-07','1.48222e-07','1.49997e-07','-6.84404e-07','1.08301e-09','0','0','0','-2.0939e-05','-0.000253275','0.000207404','-3.62777e-07','-2.08557e-07','1.49997e-07','0.000461599','-7.44753e-07','-2.53104e-09','0','0','0','2.17927e-05','0.00013352','-0.000125516','-1.36846e-06','6.86101e-07','-6.84404e-07','-7.44753e-07','0.00154619','-1.59975e-08','0','0','0','4.78206e-08','9.00482e-07','-6.9051e-07','5.45405e-09','-7.83915e-10','1.08301e-09','-2.53104e-09','-1.59975e-08','1.06309e-08','0','0','0','0','0','0','0','0','0','0','0','0','0','0','0','0','0','0','0','0','0','0','0','0','0','0','0','0','0','0','0','0','0','0','0','0','0','0','0']

reports.append(Report(575700992, ("DT", -2, 1, 4), "MBwhAst1sec04"))
reports[-1].posNum = 328
reports[-1].negNum = 0
reports[-1].fittype = "6DOF"
reports[-1].add_parameters(ValErr(0.0155547, 0.036274, 0), \
                           ValErr(0.124887, 0.32265, 0), \
                           ValErr(-0.0281107, 0.259959, 0), \
                           ValErr(0.000358124, 0.000761689, 0), \
                           ValErr(-0.000508596, 0.000447757, 0), \
                           ValErr(0.000283681, 0.000370456, 0), \
                           747.612, 328, 328, -nan)
reports[-1].sigmax = ValErr(0.53347, 0.0208323, 0)
reports[-1].sigmay = ValErr(1.03317, 0.040351, 0)
reports[-1].sigmadxdz = ValErr(0.00263109, 0.000102766, 0)
reports[-1].sigmadydz = ValErr(0, 0, 0)
reports[-1].add_stats(0.0520744, 0.092291, -0.000531241, -0.00484998, 0.017763, 0.0842292, -0.00021108, -0.00188316, 0.017763, 0.0842292, -0.00021108, -0.00188316, 0.0071268, 0.0843602, -0.000200039, -0.00201458, 0.0071268, 0.0843602, -0.000200039, -0.00201458, 0.533533, 1.03338, 0.00263387, 0.0310901, 0.533533, 1.03338, 0.00263387, 0.0310901)
reports[-1].CovMatrix = ['0.0013158','0.00649566','-0.00533698','5.77848e-06','2.08997e-06','-1.2954e-06','8.54542e-06','-9.25041e-06','-1.4296e-08','0','0','0','0.00649566','0.104103','-0.0825399','8.90146e-05','-4.66031e-06','1.07209e-05','0.000126223','-0.000107665','-3.15089e-07','0','0','0','-0.00533698','-0.0825399','0.0675787','-7.07068e-05','2.19656e-06','-7.28768e-06','-0.000103063','9.36206e-05','2.46419e-07','0','0','0','5.77848e-06','8.90146e-05','-7.07068e-05','5.8017e-07','1.36139e-08','3.51749e-08','1.56646e-07','5.03856e-07','-1.94117e-09','0','0','0','2.08997e-06','-4.66031e-06','2.19656e-06','1.36139e-08','2.00486e-07','-1.55201e-07','-1.01959e-08','-1.58837e-07','4.65538e-10','0','0','0','-1.2954e-06','1.07209e-05','-7.28768e-06','3.51749e-08','-1.55201e-07','1.37237e-07','2.04513e-08','1.68728e-07','-5.21356e-10','0','0','0','8.54542e-06','0.000126223','-0.000103063','1.56646e-07','-1.01959e-08','2.04513e-08','0.000433997','-7.71105e-08','-5.5959e-10','0','0','0','-9.25041e-06','-0.000107665','9.36206e-05','5.03856e-07','-1.58837e-07','1.68728e-07','-7.71105e-08','0.00162829','-2.1236e-09','0','0','0','-1.4296e-08','-3.15089e-07','2.46419e-07','-1.94117e-09','4.65538e-10','-5.21356e-10','-5.5959e-10','-2.1236e-09','1.05611e-08','0','0','0','0','0','0','0','0','0','0','0','0','0','0','0','0','0','0','0','0','0','0','0','0','0','0','0','0','0','0','0','0','0','0','0','0','0','0','0']

reports.append(Report(575963136, ("DT", -2, 1, 5), "MBwhAst1sec05"))
reports[-1].posNum = 317
reports[-1].negNum = 0
reports[-1].fittype = "6DOF"
reports[-1].add_parameters(ValErr(-0.000730425, 0.0377765, 0), \
                           ValErr(0.776481, 0.3241, 0), \
                           ValErr(-0.496337, 0.261342, 0), \
                           ValErr(-0.000191275, 0.000769573, 0), \
                           ValErr(-0.000248774, 0.000461576, 0), \
                           ValErr(0.000246368, 0.000382831, 0), \
                           724.111, 317, 317, -nan)
reports[-1].sigmax = ValErr(0.544956, 0.0194918, 0)
reports[-1].sigmay = ValErr(0.993922, 0.0394458, 0)
reports[-1].sigmadxdz = ValErr(0.00266418, 0.000102978, 0)
reports[-1].sigmadydz = ValErr(0, 0, 0)
reports[-1].add_stats(-0.0226741, 0.296655, 0.000198409, -0.00161271, -0.037416, 0.175616, 5.95719e-05, -0.0015612, -0.037416, 0.175616, 5.95719e-05, -0.0015612, -0.0389817, 0.211357, 6.96429e-05, -0.000714399, -0.0389817, 0.211357, 6.96429e-05, -0.000714399, 0.548607, 0.993883, 0.00266658, 0.0281938, 0.548607, 0.993883, 0.00266658, 0.0281938)
reports[-1].CovMatrix = ['0.00142707','0.00677817','-0.00555842','5.98897e-06','2.88177e-06','-1.97669e-06','4.65012e-06','-1.7203e-05','6.76498e-08','0','0','0','0.00677817','0.105041','-0.0834277','8.95944e-05','-2.55562e-06','9.15923e-06','-0.000247205','3.22429e-05','3.27664e-07','0','0','0','-0.00555842','-0.0834277','0.0682997','-6.93429e-05','8.04855e-07','-6.14425e-06','0.000196263','-2.69275e-05','-2.58796e-07','0','0','0','5.98897e-06','8.95944e-05','-6.93429e-05','5.92242e-07','2.67743e-08','2.71703e-08','-2.66573e-07','-8.85533e-07','4.21384e-09','0','0','0','2.88177e-06','-2.55562e-06','8.04855e-07','2.67743e-08','2.13052e-07','-1.6515e-07','1.39525e-07','-7.35613e-07','9.95087e-10','0','0','0','-1.97669e-06','9.15923e-06','-6.14425e-06','2.71703e-08','-1.6515e-07','1.4656e-07','-1.36236e-07','5.20077e-07','-4.64562e-10','0','0','0','4.65012e-06','-0.000247205','0.000196263','-2.66573e-07','1.39525e-07','-1.36236e-07','0.000379939','1.22679e-05','-2.25506e-07','0','0','0','-1.7203e-05','3.22429e-05','-2.69275e-05','-8.85533e-07','-7.35613e-07','5.20077e-07','1.22679e-05','0.00155606','1.54003e-08','0','0','0','6.76498e-08','3.27664e-07','-2.58796e-07','4.21384e-09','9.95087e-10','-4.64562e-10','-2.25506e-07','1.54003e-08','1.06047e-08','0','0','0','0','0','0','0','0','0','0','0','0','0','0','0','0','0','0','0','0','0','0','0','0','0','0','0','0','0','0','0','0','0','0','0','0','0','0','0']

reports.append(Report(576225280, ("DT", -2, 1, 6), "MBwhAst1sec06"))
reports[-1].posNum = 300
reports[-1].negNum = 0
reports[-1].fittype = "6DOF"
reports[-1].add_parameters(ValErr(-0.0490609, 0.0382822, 0), \
                           ValErr(-0.131594, 0.345959, 0), \
                           ValErr(0.133019, 0.279547, 0), \
                           ValErr(6.45538e-05, 0.000801158, 0), \
                           ValErr(0.00071181, 0.000478758, 0), \
                           ValErr(-0.000499695, 0.000393963, 0), \
                           688.631, 300, 300, -nan)
reports[-1].sigmax = ValErr(0.542175, 0.0221704, 0)
reports[-1].sigmay = ValErr(0.998485, 0.0408303, 0)
reports[-1].sigmadxdz = ValErr(0.0026358, 0.000107617, 0)
reports[-1].sigmadydz = ValErr(0, 0, 0)
reports[-1].add_stats(-0.0572712, -0.0207431, -1.42935e-05, -0.00372318, -0.0470916, 0.0378282, 9.73918e-05, 0.000117027, -0.0470916, 0.0378282, 9.73918e-05, 0.000117027, -0.0419251, 0.0284, 0.000138088, -0.000744543, -0.0419251, 0.0284, 0.000138088, -0.000744543, 0.54117, 1.00378, 0.00263663, 0.0270756, 0.54117, 1.00378, 0.00263663, 0.0270756)
reports[-1].CovMatrix = ['0.00146553','0.00719632','-0.00592819','6.53303e-06','2.93211e-06','-1.98733e-06','-3.36985e-06','4.7409e-06','8.43569e-09','0','0','0','0.00719632','0.119687','-0.0953326','0.000106495','-5.33191e-07','8.15987e-06','-0.000173434','0.000272303','1.62442e-07','0','0','0','-0.00592819','-0.0953326','0.0781463','-8.40967e-05','-1.76633e-06','-4.64045e-06','0.000138502','-0.000216955','-1.27411e-07','0','0','0','6.53303e-06','0.000106495','-8.40967e-05','6.41854e-07','3.28416e-08','2.2583e-08','1.56112e-07','-6.13936e-07','9.90118e-10','0','0','0','2.93211e-06','-5.33191e-07','-1.76633e-06','3.28416e-08','2.29209e-07','-1.76999e-07','5.12481e-07','-9.51922e-07','3.68749e-11','0','0','0','-1.98733e-06','8.15987e-06','-4.64045e-06','2.2583e-08','-1.76999e-07','1.55207e-07','-4.28419e-07','7.28546e-07','1.666e-10','0','0','0','-3.36985e-06','-0.000173434','0.000138502','1.56112e-07','5.12481e-07','-4.28419e-07','0.000491541','-2.92794e-06','-1.05162e-10','0','0','0','4.7409e-06','0.000272303','-0.000216955','-6.13936e-07','-9.51922e-07','7.28546e-07','-2.92794e-06','0.00166722','-6.5295e-10','0','0','0','8.43569e-09','1.62442e-07','-1.27411e-07','9.90118e-10','3.68749e-11','1.666e-10','-1.05162e-10','-6.5295e-10','1.15815e-08','0','0','0','0','0','0','0','0','0','0','0','0','0','0','0','0','0','0','0','0','0','0','0','0','0','0','0','0','0','0','0','0','0','0','0','0','0','0','0']

reports.append(Report(576487424, ("DT", -2, 1, 7), "MBwhAst1sec07"))
reports[-1].posNum = 332
reports[-1].negNum = 0
reports[-1].fittype = "6DOF"
reports[-1].add_parameters(ValErr(0.0643233, 0.0359599, 0), \
                           ValErr(-0.0106552, 0.31623, 0), \
                           ValErr(-0.080434, 0.255349, 0), \
                           ValErr(-0.00116896, 0.000773089, 0), \
                           ValErr(-0.000201227, 0.000470387, 0), \
                           ValErr(-0.000188246, 0.000388228, 0), \
                           764.291, 332, 332, -nan)
reports[-1].sigmax = ValErr(0.531986, 0.0206738, 0)
reports[-1].sigmay = ValErr(1.03299, 0.0402831, 0)
reports[-1].sigmadxdz = ValErr(0.00257953, 0.000100273, 0)
reports[-1].sigmadydz = ValErr(0, 0, 0)
reports[-1].add_stats(0.0708847, -0.141914, -0.000176988, -4.21712e-05, 0.0570934, -0.097041, -0.000350636, 0.000451679, 0.0570934, -0.097041, -0.000350636, 0.000451679, 0.0844425, -0.0705223, -0.000474914, 0.000664559, 0.0844425, -0.0705223, -0.000474914, 0.000664559, 0.532062, 1.03269, 0.00258707, 0.0296547, 0.532062, 1.03269, 0.00258707, 0.0296547)
reports[-1].CovMatrix = ['0.00129311','0.00617406','-0.00509447','4.92308e-06','3.10902e-06','-2.26337e-06','-2.37945e-06','-1.35932e-05','4.91698e-08','0','0','0','0.00617406','0.100001','-0.0794117','7.859e-05','-2.34445e-07','5.92968e-06','-0.00014512','0.000163493','3.25796e-07','0','0','0','-0.00509447','-0.0794117','0.065203','-6.04369e-05','-1.42993e-06','-3.20355e-06','0.000116208','-0.000127681','-2.65374e-07','0','0','0','4.92308e-06','7.859e-05','-6.04369e-05','5.97666e-07','3.80141e-08','1.64463e-08','1.49943e-08','-1.12989e-06','2.86096e-09','0','0','0','3.10902e-06','-2.34445e-07','-1.42993e-06','3.80141e-08','2.21264e-07','-1.7224e-07','4.34554e-07','-1.73181e-06','2.23581e-09','0','0','0','-2.26337e-06','5.92968e-06','-3.20355e-06','1.64463e-08','-1.7224e-07','1.50721e-07','-3.75352e-07','1.33207e-06','-1.50269e-09','0','0','0','-2.37945e-06','-0.00014512','0.000116208','1.49943e-08','4.34554e-07','-3.75352e-07','0.000427418','-3.87223e-06','4.02966e-09','0','0','0','-1.35932e-05','0.000163493','-0.000127681','-1.12989e-06','-1.73181e-06','1.33207e-06','-3.87223e-06','0.00162282','-2.08194e-08','0','0','0','4.91698e-08','3.25796e-07','-2.65374e-07','2.86096e-09','2.23581e-09','-1.50269e-09','4.02966e-09','-2.08194e-08','1.00547e-08','0','0','0','0','0','0','0','0','0','0','0','0','0','0','0','0','0','0','0','0','0','0','0','0','0','0','0','0','0','0','0','0','0','0','0','0','0','0','0']

reports.append(Report(576749568, ("DT", -2, 1, 8), "MBwhAst1sec08"))
reports[-1].posNum = 271
reports[-1].negNum = 0
reports[-1].fittype = "6DOF"
reports[-1].add_parameters(ValErr(-0.0235933, 0.0389421, 0), \
                           ValErr(0.018513, 0.344471, 0), \
                           ValErr(-0.224775, 0.279445, 0), \
                           ValErr(0.000697216, 0.000823115, 0), \
                           ValErr(-0.000610365, 0.000487214, 0), \
                           ValErr(0.00062468, 0.00040858, 0), \
                           656.662, 271, 271, -nan)
reports[-1].sigmax = ValErr(0.525354, 0.0225961, 0)
reports[-1].sigmay = ValErr(0.923839, 0.0397385, 0)
reports[-1].sigmadxdz = ValErr(0.00258772, 0.000111177, 0)
reports[-1].sigmadydz = ValErr(0, 0, 0)
reports[-1].add_stats(-0.0487097, -0.210193, -3.93953e-05, -0.000126756, -0.0293539, -0.269913, 4.80491e-05, -0.00117186, -0.0293539, -0.269913, 4.80491e-05, -0.00117186, -0.0283893, -0.309254, 0.000153453, -0.00172745, -0.0283893, -0.309254, 0.000153453, -0.00172745, 0.528346, 0.923196, 0.0025891, 0.0292598, 0.528346, 0.923196, 0.0025891, 0.0292598)
reports[-1].CovMatrix = ['0.00151649','0.00701385','-0.00580914','6.31394e-06','3.58115e-06','-2.60836e-06','7.48238e-06','-1.6929e-05','1.56035e-08','0','0','0','0.00701385','0.11866','-0.0949115','0.000104073','-7.05319e-06','1.357e-05','-4.77538e-05','1.53212e-05','2.31923e-07','0','0','0','-0.00580914','-0.0949115','0.0780898','-7.89237e-05','3.42749e-06','-8.70097e-06','3.16559e-05','-2.23811e-06','-1.77079e-07','0','0','0','6.31394e-06','0.000104073','-7.89237e-05','6.77519e-07','1.65046e-08','3.70068e-08','-1.66297e-07','-2.09357e-07','1.55153e-09','0','0','0','3.58115e-06','-7.05319e-06','3.42749e-06','1.65046e-08','2.37377e-07','-1.8678e-07','5.31241e-07','-1.02098e-06','2.57415e-10','0','0','0','-2.60836e-06','1.357e-05','-8.70097e-06','3.70068e-08','-1.8678e-07','1.66937e-07','-4.79935e-07','8.29674e-07','4.92656e-11','0','0','0','7.48238e-06','-4.77538e-05','3.16559e-05','-1.66297e-07','5.31241e-07','-4.79935e-07','0.000510602','-2.34865e-06','-2.83795e-10','0','0','0','-1.6929e-05','1.53212e-05','-2.23811e-06','-2.09357e-07','-1.02098e-06','8.29674e-07','-2.34865e-06','0.00157925','-1.11004e-09','0','0','0','1.56035e-08','2.31923e-07','-1.77079e-07','1.55153e-09','2.57415e-10','4.92656e-11','-2.83795e-10','-1.11004e-09','1.23606e-08','0','0','0','0','0','0','0','0','0','0','0','0','0','0','0','0','0','0','0','0','0','0','0','0','0','0','0','0','0','0','0','0','0','0','0','0','0','0','0']

reports.append(Report(577011712, ("DT", -2, 1, 9), "MBwhAst1sec09"))
reports[-1].posNum = 280
reports[-1].negNum = 0
reports[-1].fittype = "6DOF"
reports[-1].add_parameters(ValErr(-0.00513024, 0.0410795, 0), \
                           ValErr(-0.491733, 0.350012, 0), \
                           ValErr(0.368196, 0.282446, 0), \
                           ValErr(0.00050747, 0.000824223, 0), \
                           ValErr(0.000454536, 0.000488101, 0), \
                           ValErr(-0.000379867, 0.000403534, 0), \
                           625.74, 280, 280, -nan)
reports[-1].sigmax = ValErr(0.555409, 0.0234948, 0)
reports[-1].sigmay = ValErr(0.991683, 0.0419456, 0)
reports[-1].sigmadxdz = ValErr(0.00275262, 0.000116483, 0)
reports[-1].sigmadydz = ValErr(0, 0, 0)
reports[-1].add_stats(0.0265999, -0.124692, -3.19579e-05, 0.000326269, 0.018997, -0.0460081, -4.14991e-05, 0.00127183, 0.018997, -0.0460081, -4.14991e-05, 0.00127183, 0.0270289, -0.0265299, -0.000143219, 0.00167596, 0.0270289, -0.0265299, -0.000143219, 0.00167596, 0.558675, 0.991865, 0.00275553, 0.0295763, 0.558675, 0.991865, 0.00275553, 0.0295763)
reports[-1].CovMatrix = ['0.00168752','0.00802857','-0.00658944','7.31681e-06','3.07487e-06','-2.00741e-06','1.57693e-05','-1.15349e-05','-4.08435e-08','0','0','0','0.00802857','0.122508','-0.0974153','0.000109165','-1.11117e-06','9.54635e-06','0.000290097','-0.000214554','-8.00691e-07','0','0','0','-0.00658944','-0.0974153','0.0797757','-8.58871e-05','-8.93265e-08','-6.70133e-06','-0.000235025','0.000183588','6.26034e-07','0','0','0','7.31681e-06','0.000109165','-8.58871e-05','6.79343e-07','3.34367e-08','2.96668e-08','4.05786e-07','1.07229e-06','-4.84381e-09','0','0','0','3.07487e-06','-1.11117e-06','-8.93265e-08','3.34367e-08','2.38242e-07','-1.83235e-07','-2.968e-07','3.06598e-07','6.3888e-10','0','0','0','-2.00741e-06','9.54635e-06','-6.70133e-06','2.96668e-08','-1.83235e-07','1.6284e-07','2.93765e-07','-1.60833e-07','-1.00174e-09','0','0','0','1.57693e-05','0.000290097','-0.000235025','4.05786e-07','-2.968e-07','2.93765e-07','0.000552026','-5.32201e-07','-4.24241e-09','0','0','0','-1.15349e-05','-0.000214554','0.000183588','1.07229e-06','3.06598e-07','-1.60833e-07','-5.32201e-07','0.00175955','-6.64664e-09','0','0','0','-4.08435e-08','-8.00691e-07','6.26034e-07','-4.84381e-09','6.3888e-10','-1.00174e-09','-4.24241e-09','-6.64664e-09','1.35686e-08','0','0','0','0','0','0','0','0','0','0','0','0','0','0','0','0','0','0','0','0','0','0','0','0','0','0','0','0','0','0','0','0','0','0','0','0','0','0','0']

reports.append(Report(577273856, ("DT", -2, 1, 10), "MBwhAst1sec10"))
reports[-1].posNum = 296
reports[-1].negNum = 0
reports[-1].fittype = "6DOF"
reports[-1].add_parameters(ValErr(-0.0503635, 0.0377777, 0), \
                           ValErr(0.245371, 0.346148, 0), \
                           ValErr(-0.149236, 0.279546, 0), \
                           ValErr(-0.000602473, 0.000790546, 0), \
                           ValErr(-0.000673213, 0.00047723, 0), \
                           ValErr(0.000656325, 0.000396912, 0), \
                           720.231, 296, 296, -nan)
reports[-1].sigmax = ValErr(0.530288, 0.0218121, 0)
reports[-1].sigmay = ValErr(0.948807, 0.039092, 0)
reports[-1].sigmadxdz = ValErr(0.00247104, 0.000101799, 0)
reports[-1].sigmadydz = ValErr(0, 0, 0)
reports[-1].add_stats(-0.0702038, 0.0789235, 0.000275576, -0.00260103, -0.0518934, 0.0593186, 0.000147146, -0.000498628, -0.0518934, 0.0593186, 0.000147146, -0.000498628, -0.0443354, 0.0252505, 0.000104052, -0.00218773, -0.0443354, 0.0252505, 0.000104052, -0.00218773, 0.53207, 0.948146, 0.00248213, 0.0303157, 0.53207, 0.948146, 0.00248213, 0.0303157)
reports[-1].CovMatrix = ['0.00142716','0.00717512','-0.0058961','6.70323e-06','2.14381e-06','-1.29402e-06','-1.75364e-05','8.01775e-06','6.53329e-08','0','0','0','0.00717512','0.119818','-0.0955025','0.000104906','-1.08486e-05','1.69734e-05','-0.00029314','0.000232753','7.98057e-07','0','0','0','-0.0058961','-0.0955025','0.0781457','-8.27444e-05','6.65214e-06','-1.18359e-05','0.000240426','-0.000195166','-6.3918e-07','0','0','0','6.70323e-06','0.000104906','-8.27444e-05','6.24962e-07','1.01749e-08','3.89339e-08','-1.60814e-07','-1.63456e-06','5.13343e-09','0','0','0','2.14381e-06','-1.08486e-05','6.65214e-06','1.01749e-08','2.27749e-07','-1.78977e-07','1.69856e-08','-5.09829e-07','1.25555e-09','0','0','0','-1.29402e-06','1.69734e-05','-1.18359e-05','3.89339e-08','-1.78977e-07','1.57539e-07','-3.55532e-08','2.9069e-07','-5.79228e-10','0','0','0','-1.75364e-05','-0.00029314','0.000240426','-1.60814e-07','1.69856e-08','-3.55532e-08','0.000475784','-9.15265e-07','-1.23948e-09','0','0','0','8.01775e-06','0.000232753','-0.000195166','-1.63456e-06','-5.09829e-07','2.9069e-07','-9.15265e-07','0.00152828','-1.5893e-08','0','0','0','6.53329e-08','7.98057e-07','-6.3918e-07','5.13343e-09','1.25555e-09','-5.79228e-10','-1.23948e-09','-1.5893e-08','1.03631e-08','0','0','0','0','0','0','0','0','0','0','0','0','0','0','0','0','0','0','0','0','0','0','0','0','0','0','0','0','0','0','0','0','0','0','0','0','0','0','0']

reports.append(Report(577536000, ("DT", -2, 1, 11), "MBwhAst1sec11"))
reports[-1].posNum = 322
reports[-1].negNum = 0
reports[-1].fittype = "6DOF"
reports[-1].add_parameters(ValErr(0.0678165, 0.0364643, 0), \
                           ValErr(0.118844, 0.327355, 0), \
                           ValErr(-0.0677907, 0.264697, 0), \
                           ValErr(-0.00147079, 0.000749757, 0), \
                           ValErr(-0.000870387, 0.000439376, 0), \
                           ValErr(0.00042369, 0.000364615, 0), \
                           744.235, 322, 322, -nan)
reports[-1].sigmax = ValErr(0.537929, 0.0212474, 0)
reports[-1].sigmay = ValErr(0.972078, 0.0385156, 0)
reports[-1].sigmadxdz = ValErr(0.00268584, 0.000106371, 0)
reports[-1].sigmadydz = ValErr(0, 0, 0)
reports[-1].add_stats(0.0766282, 0.0844517, -0.000377094, -0.00179109, 0.0733572, 0.0411755, -0.000251186, 0.000912907, 0.0733572, 0.0411755, -0.000251186, 0.000912907, 0.079386, 0.0152799, -0.000325609, 0.0013394, 0.079386, 0.0152799, -0.000325609, 0.0013394, 0.538563, 0.985834, 0.00267501, 0.0308771, 0.538563, 0.985834, 0.00267501, 0.0308771)
reports[-1].CovMatrix = ['0.00132964','0.00633336','-0.00522384','6.18366e-06','2.56623e-06','-1.72217e-06','3.04656e-05','-2.70751e-05','-7.29689e-08','0','0','0','0.00633336','0.107161','-0.0854224','0.000101773','-5.33816e-06','1.18651e-05','0.000457561','-0.00028843','-1.45102e-06','0','0','0','-0.00522384','-0.0854224','0.0700643','-7.97193e-05','2.37248e-06','-7.81476e-06','-0.000377255','0.000264431','1.12703e-06','0','0','0','6.18366e-06','0.000101773','-7.97193e-05','5.62135e-07','1.07596e-08','3.33843e-08','3.60781e-07','2.21446e-06','-7.80111e-09','0','0','0','2.56623e-06','-5.33816e-06','2.37248e-06','1.07596e-08','1.93051e-07','-1.49286e-07','1.08188e-07','-5.09381e-07','8.77974e-10','0','0','0','-1.72217e-06','1.18651e-05','-7.81476e-06','3.33843e-08','-1.49286e-07','1.32944e-07','-6.88635e-08','5.79319e-07','-1.24694e-09','0','0','0','3.04656e-05','0.000457561','-0.000377255','3.60781e-07','1.08188e-07','-6.88635e-08','0.000451465','-2.18162e-06','-4.47928e-09','0','0','0','-2.70751e-05','-0.00028843','0.000264431','2.21446e-06','-5.09381e-07','5.79319e-07','-2.18162e-06','0.00148353','-3.36512e-08','0','0','0','-7.29689e-08','-1.45102e-06','1.12703e-06','-7.80111e-09','8.77974e-10','-1.24694e-09','-4.47928e-09','-3.36512e-08','1.1315e-08','0','0','0','0','0','0','0','0','0','0','0','0','0','0','0','0','0','0','0','0','0','0','0','0','0','0','0','0','0','0','0','0','0','0','0','0','0','0','0']

reports.append(Report(577798144, ("DT", -2, 1, 12), "MBwhAst1sec12"))
reports[-1].posNum = 304
reports[-1].negNum = 0
reports[-1].fittype = "6DOF"
reports[-1].add_parameters(ValErr(-0.0560791, 0.0354784, 0), \
                           ValErr(-0.38706, 0.306012, 0), \
                           ValErr(0.258701, 0.246715, 0), \
                           ValErr(-0.00130788, 0.000748873, 0), \
                           ValErr(-0.000356324, 0.00046415, 0), \
                           ValErr(0.000351235, 0.000385732, 0), \
                           724.442, 304, 304, -nan)
reports[-1].sigmax = ValErr(0.510685, 0.020717, 0)
reports[-1].sigmay = ValErr(1.0549, 0.0427875, 0)
reports[-1].sigmadxdz = ValErr(0.00242653, 9.84263e-05, 0)
reports[-1].sigmadydz = ValErr(0, 0, 0)
reports[-1].add_stats(-0.0140647, -0.0442128, 0.000141856, -0.00800017, -0.0288862, -0.0647936, 0.000186535, -0.00355804, -0.0288862, -0.0647936, 0.000186535, -0.00355804, -0.031514, -0.005487, 0.000200187, -0.00478178, -0.031514, -0.005487, 0.000200187, -0.00478178, 0.512791, 1.05598, 0.0024309, 0.029141, 0.512791, 1.05598, 0.0024309, 0.029141)
reports[-1].CovMatrix = ['0.00125872','0.00552789','-0.00458066','4.15867e-06','3.34872e-06','-2.53838e-06','3.40685e-08','7.43929e-06','-1.36116e-08','0','0','0','0.00552789','0.0936435','-0.0739664','6.93303e-05','-2.99433e-06','7.48127e-06','-4.45681e-05','9.60941e-05','1.78812e-08','0','0','0','-0.00458066','-0.0739664','0.0608681','-5.21411e-05','6.05935e-07','-4.24458e-06','3.78803e-05','-8.30872e-05','-6.63633e-09','0','0','0','4.15867e-06','6.93303e-05','-5.21411e-05','5.60811e-07','2.38655e-08','2.35194e-08','2.40483e-07','-4.30949e-07','-4.31552e-11','0','0','0','3.34872e-06','-2.99433e-06','6.05935e-07','2.38655e-08','2.15435e-07','-1.69219e-07','1.53205e-07','6.22773e-08','-8.56656e-10','0','0','0','-2.53838e-06','7.48127e-06','-4.24458e-06','2.35194e-08','-1.69219e-07','1.48789e-07','-1.0882e-07','-8.5564e-08','7.18868e-10','0','0','0','3.40685e-08','-4.45681e-05','3.78803e-05','2.40483e-07','1.53205e-07','-1.0882e-07','0.000429207','-2.59161e-07','-6.0643e-10','0','0','0','7.43929e-06','9.60941e-05','-8.30872e-05','-4.30949e-07','6.22773e-08','-8.5564e-08','-2.59161e-07','0.00183088','-2.9982e-10','0','0','0','-1.36116e-08','1.78812e-08','-6.63633e-09','-4.31552e-11','-8.56656e-10','7.18868e-10','-6.0643e-10','-2.9982e-10','9.68787e-09','0','0','0','0','0','0','0','0','0','0','0','0','0','0','0','0','0','0','0','0','0','0','0','0','0','0','0','0','0','0','0','0','0','0','0','0','0','0','0']

reports.append(Report(579108864, ("DT", -2, 2, 1), "MBwhAst2sec01"))
reports[-1].posNum = 323
reports[-1].negNum = 0
reports[-1].fittype = "6DOF"
reports[-1].add_parameters(ValErr(0.0491544, 0.0391645, 0), \
                           ValErr(0.23293, 0.342028, 0), \
                           ValErr(-0.142623, 0.32501, 0), \
                           ValErr(0.000236191, 0.000956196, 0), \
                           ValErr(0.000102552, 0.000453271, 0), \
                           ValErr(-0.000379378, 0.00043538, 0), \
                           617.853, 323, 323, -nan)
reports[-1].sigmax = ValErr(0.679566, 0.0267391, 0)
reports[-1].sigmay = ValErr(1.15072, 0.045274, 0)
reports[-1].sigmadxdz = ValErr(0.00267511, 0.000105264, 0)
reports[-1].sigmadydz = ValErr(0, 0, 0)
reports[-1].add_stats(0.0733547, 0.0637791, -0.000294597, 0.00118771, 0.0517357, 0.0827466, -0.000277894, -0.00116353, 0.0517357, 0.0827466, -0.000277894, -0.00116353, 0.0696476, 0.0900284, -0.000367281, -0.00126321, 0.0696476, 0.0900284, -0.000367281, -0.00126321, 0.679773, 1.15108, 0.00267664, 0.0240144, 0.679773, 1.15108, 0.00267664, 0.0240144)
reports[-1].CovMatrix = ['0.00153385','-0.00316739','0.00308452','-2.92111e-06','1.66751e-06','-1.48275e-06','-1.2131e-06','2.68768e-06','1.34347e-09','0','0','0','-0.00316739','0.116983','-0.109181','9.98651e-05','3.26639e-06','-5.97866e-06','8.46491e-05','-7.23942e-05','-1.62578e-07','0','0','0','0.00308452','-0.109181','0.105631','-9.80629e-05','-7.51811e-07','3.52225e-06','-8.1564e-05','7.24181e-05','1.54845e-07','0','0','0','-2.92111e-06','9.98651e-05','-9.80629e-05','9.14311e-07','-7.15459e-09','-2.04109e-08','2.9402e-07','1.32932e-07','-1.41736e-09','0','0','0','1.66751e-06','3.26639e-06','-7.51811e-07','-7.15459e-09','2.05455e-07','-1.86465e-07','5.83699e-08','6.87934e-08','-3.78859e-10','0','0','0','-1.48275e-06','-5.97866e-06','3.52225e-06','-2.04109e-08','-1.86465e-07','1.89555e-07','-6.46763e-08','-6.6968e-08','4.08686e-10','0','0','0','-1.2131e-06','8.46491e-05','-8.1564e-05','2.9402e-07','5.83699e-08','-6.46763e-08','0.000715008','1.79958e-08','-5.74449e-10','0','0','0','2.68768e-06','-7.23942e-05','7.24181e-05','1.32932e-07','6.87934e-08','-6.6968e-08','1.79958e-08','0.00204987','-3.39292e-10','0','0','0','1.34347e-09','-1.62578e-07','1.54845e-07','-1.41736e-09','-3.78859e-10','4.08686e-10','-5.74449e-10','-3.39292e-10','1.10807e-08','0','0','0','0','0','0','0','0','0','0','0','0','0','0','0','0','0','0','0','0','0','0','0','0','0','0','0','0','0','0','0','0','0','0','0','0','0','0','0']

reports.append(Report(579371008, ("DT", -2, 2, 2), "MBwhAst2sec02"))
reports[-1].posNum = 304
reports[-1].negNum = 0
reports[-1].fittype = "6DOF"
reports[-1].add_parameters(ValErr(0.0377784, 0.0347606, 0), \
                           ValErr(0.00444366, 0.0607723, 0), \
                           ValErr(0.00913525, 0.0587493, 0), \
                           ValErr(0.00043845, 0.000953202, 0), \
                           ValErr(0.000406126, 0.00047289, 0), \
                           ValErr(-0.000387874, 0.000458449, 0), \
                           547.489, 304, 304, -nan)
reports[-1].sigmax = ValErr(0.688844, 0.0264143, 0)
reports[-1].sigmay = ValErr(1.20571, 0.0488386, 0)
reports[-1].sigmadxdz = ValErr(0.00281702, 0.000109259, 0)
reports[-1].sigmadydz = ValErr(0, 0, 0)
reports[-1].add_stats(0.0738224, 0.0102499, 0.000108869, 0.0016949, 0.031219, 0.00958578, 5.724e-06, 0.000763236, 0.031219, 0.00958578, 5.724e-06, 0.000763236, 0.0296064, 0.00309552, -1.27966e-05, -0.00048407, 0.0296064, 0.00309552, -1.27966e-05, -0.00048407, 0.687758, 1.20819, 0.00282026, 0.0246622, 0.687758, 1.20819, 0.00282026, 0.0246622)
reports[-1].CovMatrix = ['0.0012083','5.44823e-05','1.88924e-05','8.90933e-08','3.56073e-06','-3.57143e-06','-0.000166091','-2.40244e-05','-6.99754e-07','0','0','0','5.44823e-05','0.00369327','-0.00124623','2.94753e-06','-1.97915e-06','1.58616e-06','9.4766e-06','9.30471e-05','-4.01496e-07','0','0','0','1.88924e-05','-0.00124623','0.00345149','-8.81055e-07','2.72965e-06','-2.51247e-06','-1.88285e-05','-5.62539e-05','3.53611e-07','0','0','0','8.90933e-08','2.94753e-06','-8.81055e-07','9.08594e-07','-2.91195e-08','-7.27035e-09','-9.59126e-08','2.8518e-06','-2.58152e-09','0','0','0','3.56073e-06','-1.97915e-06','2.72965e-06','-2.91195e-08','2.23625e-07','-2.03786e-07','8.54555e-07','-1.44543e-06','-1.73075e-10','0','0','0','-3.57143e-06','1.58616e-06','-2.51247e-06','-7.27035e-09','-2.03786e-07','2.10176e-07','-8.89115e-07','1.40529e-06','5.09202e-10','0','0','0','-0.000166091','9.4766e-06','-1.88285e-05','-9.59126e-08','8.54555e-07','-8.89115e-07','0.000697738','-1.01805e-05','-3.25867e-07','0','0','0','-2.40244e-05','9.30471e-05','-5.62539e-05','2.8518e-06','-1.44543e-06','1.40529e-06','-1.01805e-05','0.00238539','6.4749e-09','0','0','0','-6.99754e-07','-4.01496e-07','3.53611e-07','-2.58152e-09','-1.73075e-10','5.09202e-10','-3.25867e-07','6.4749e-09','1.19377e-08','0','0','0','0','0','0','0','0','0','0','0','0','0','0','0','0','0','0','0','0','0','0','0','0','0','0','0','0','0','0','0','0','0','0','0','0','0','0','0']

reports.append(Report(579633152, ("DT", -2, 2, 3), "MBwhAst2sec03"))
reports[-1].posNum = 303
reports[-1].negNum = 0
reports[-1].fittype = "6DOF"
reports[-1].add_parameters(ValErr(-0.0297258, 0.0398133, 0), \
                           ValErr(-0.272425, 0.312257, 0), \
                           ValErr(0.091569, 0.294929, 0), \
                           ValErr(-0.000595824, 0.000915078, 0), \
                           ValErr(2.08786e-05, 0.000462574, 0), \
                           ValErr(2.03327e-05, 0.000448342, 0), \
                           587.6, 303, 303, -nan)
reports[-1].sigmax = ValErr(0.654172, 0.0265889, 0)
reports[-1].sigmay = ValErr(1.25178, 0.0509439, 0)
reports[-1].sigmadxdz = ValErr(0.00248801, 0.000101291, 0)
reports[-1].sigmadydz = ValErr(0, 0, 0)
reports[-1].add_stats(0.00648833, -0.218489, 3.93841e-05, 0.00120898, -0.0334919, -0.177256, 1.98926e-05, 0.000130079, -0.0334919, -0.177256, 1.98926e-05, 0.000130079, -0.027782, -0.15602, 4.80904e-05, -0.000949986, -0.027782, -0.15602, 4.80904e-05, -0.000949986, 0.654704, 1.25337, 0.00248468, 0.0213861, 0.654704, 1.25337, 0.00248468, 0.0213861)
