nan = None;  NAN = None
nan = 0
reports = []
class ValErr:
    def __init__(self, value, error, antisym):
        self.value, self.error, self.antisym = value, error, antisym

    def __repr__(self):
        if self.antisym == 0.:
            return "%g +- %g" % (self.value, self.error)
        else:
            return "%g +- %g ~ %g" % (self.value, self.error, self.antisym)

class Report:
    def __init__(self, chamberId, postal_address, name):
        self.chamberId, self.postal_address, self.name = chamberId, postal_address, name
        self.status = "NOFIT"
        self.fittype = None
        self.CovMatrix = None

    def add_parameters(self, deltax, deltay, deltaz, deltaphix, deltaphiy, deltaphiz, loglikelihood, numsegments, sumofweights, redchi2):
        self.status = "PASS"
        self.deltax, self.deltay, self.deltaz, self.deltaphix, self.deltaphiy, self.deltaphiz = deltax, deltay, deltaz, deltaphix, deltaphiy, deltaphiz
        self.loglikelihood, self.numsegments, self.sumofweights, self.redchi2 = loglikelihood, numsegments, sumofweights, redchi2

    def add_stats(self, median_x, median_y, median_dxdz, median_dydz, mean30_x, mean30_y, mean20_dxdz, mean50_dydz, mean15_x, mean15_y, mean10_dxdz, mean25_dydz, wmean30_x, wmean30_y, wmean20_dxdz, wmean50_dydz, wmean15_x, wmean15_y, wmean10_dxdz, wmean25_dydz, stdev30_x, stdev30_y, stdev20_dxdz, stdev50_dydz, stdev15_x, stdev15_y, stdev10_dxdz, stdev25_dydz):
        self.median_x, self.median_y, self.median_dxdz, self.median_dydz, self.mean30_x, self.mean30_y, self.mean20_dxdz, self.mean50_dydz, self.mean15_x, self.mean15_y, self.mean10_dxdz, self.mean25_dydz, self.wmean30_x, self.wmean30_y, self.wmean20_dxdz, self.wmean50_dydz, self.wmean15_x, self.wmean15_y, self.wmean10_dxdz, self.wmean25_dydz, self.stdev30_x, self.stdev30_y, self.stdev20_dxdz, self.stdev50_dydz, self.stdev15_x, self.stdev15_y, self.stdev10_dxdz, self.stdev25_dydz = median_x, median_y, median_dxdz, median_dydz, mean30_x, mean30_y, mean20_dxdz, mean50_dydz, mean15_x, mean15_y, mean10_dxdz, mean25_dydz, wmean30_x, wmean30_y, wmean20_dxdz, wmean50_dydz, wmean15_x, wmean15_y, wmean10_dxdz, wmean25_dydz, stdev30_x, stdev30_y, stdev20_dxdz, stdev50_dydz, stdev15_x, stdev15_y, stdev10_dxdz, stdev25_dydz

    def __repr__(self):
        return "<Report %s %s %s>" % (self.postal_address[0], " ".join(map(str, self.postal_address[1:])), self.status)

reports.append(Report(574914560, ("DT", -2, 1, 1), "MBwhAst1sec01"))
reports[-1].posNum = 636
reports[-1].negNum = 0
reports[-1].fittype = "6DOF"
reports[-1].add_parameters(ValErr(0.00113974, 0.0259554, 0), \
                           ValErr(-0.210523, 0.229054, 0), \
                           ValErr(0.154459, 0.183927, 0), \
                           ValErr(9.89235e-05, 0.000555867, 0), \
                           ValErr(-0.000315723, 0.000339895, 0), \
                           ValErr(0.000335153, 0.000279817, 0), \
                           1435.88, 636, 636, -nan)
reports[-1].sigmax = ValErr(0.532216, 0.0149474, 0)
reports[-1].sigmay = ValErr(1.06375, 0.0299396, 0)
reports[-1].sigmadxdz = ValErr(0.00261739, 7.34499e-05, 0)
reports[-1].sigmadydz = ValErr(0, 0, 0)
reports[-1].add_stats(0.0690969, -0.0890036, -6.06945e-05, -0.00123469, 0.0173617, -0.0258137, 4.98671e-05, -0.000420848, 0.0173617, -0.0258137, 4.98671e-05, -0.000420848, 0.0242431, -0.00822256, 0.000101463, 0.000217813, 0.0242431, -0.00822256, 0.000101463, 0.000217813, 0.533866, 1.06139, 0.00262035, 0.0273125, 0.533866, 1.06139, 0.00262035, 0.0273125)
reports[-1].CovMatrix = ['0.000673684','0.00329921','-0.00270435','2.67209e-06','1.06657e-06','-6.77274e-07','5.8154e-06','-9.69479e-06','-2.73416e-09','0','0','0','0.00329921','0.0524657','-0.041403','4.06155e-05','-2.50604e-06','5.18058e-06','3.83178e-05','-4.49422e-06','-1.61968e-07','0','0','0','-0.00270435','-0.041403','0.033829','-3.23311e-05','1.21824e-06','-3.48869e-06','-3.33237e-05','1.1899e-05','1.23891e-07','0','0','0','2.67209e-06','4.06155e-05','-3.23311e-05','3.08988e-07','1.10712e-08','1.60614e-08','7.12974e-08','2.98797e-07','-1.02836e-09','0','0','0','1.06657e-06','-2.50604e-06','1.21824e-06','1.10712e-08','1.15529e-07','-8.95749e-08','2.73557e-07','-8.43501e-07','7.35859e-10','0','0','0','-6.77274e-07','5.18058e-06','-3.48869e-06','1.60614e-08','-8.95749e-08','7.82976e-08','-2.28872e-07','7.09198e-07','-6.14714e-10','0','0','0','5.8154e-06','3.83178e-05','-3.33237e-05','7.12974e-08','2.73557e-07','-2.28872e-07','0.000223429','-2.07768e-06','1.45172e-09','0','0','0','-9.69479e-06','-4.49422e-06','1.1899e-05','2.98797e-07','-8.43501e-07','7.09198e-07','-2.07768e-06','0.000896409','-6.56941e-09','0','0','0','-2.73416e-09','-1.61968e-07','1.23891e-07','-1.02836e-09','7.35859e-10','-6.14714e-10','1.45172e-09','-6.56941e-09','5.39492e-09','0','0','0','0','0','0','0','0','0','0','0','0','0','0','0','0','0','0','0','0','0','0','0','0','0','0','0','0','0','0','0','0','0','0','0','0','0','0','0']

reports.append(Report(575176704, ("DT", -2, 1, 2), "MBwhAst1sec02"))
reports[-1].posNum = 689
reports[-1].negNum = 0
reports[-1].fittype = "6DOF"
reports[-1].add_parameters(ValErr(-0.0225062, 0.0203913, 0), \
                           ValErr(-0.0166385, 0.0473462, 0), \
                           ValErr(0.0220814, 0.0403646, 0), \
                           ValErr(-0.00018451, 0.000489209, 0), \
                           ValErr(-0.000400036, 0.000324477, 0), \
                           ValErr(0.000355575, 0.000267745, 0), \
                           1518.31, 689, 689, -nan)
reports[-1].sigmax = ValErr(0.580392, 0.0154195, 0)
reports[-1].sigmay = ValErr(1.01597, 0.0274334, 0)
reports[-1].sigmadxdz = ValErr(0.00265251, 7.09255e-05, 0)
reports[-1].sigmadydz = ValErr(0, 0, 0)
reports[-1].add_stats(-0.0253329, -0.0278315, 5.68831e-05, -0.00270416, -0.0137222, 0.0105175, 3.40107e-05, -0.00136804, -0.0137222, 0.0105175, 3.40107e-05, -0.00136804, -0.0279864, 0.0800615, 7.36065e-05, -0.0021356, -0.0279864, 0.0800615, 7.36065e-05, -0.0021356, 0.58092, 1.016, 0.00265361, 0.0281068, 0.58092, 1.016, 0.00265361, 0.0281068)
reports[-1].CovMatrix = ['0.000415805','0.000187445','-0.000190158','-2.15893e-07','2.17927e-06','-1.85265e-06','7.36765e-06','-2.22713e-05','-2.29626e-08','0','0','0','0.000187445','0.00224166','-0.00128388','-2.73861e-06','7.3848e-06','-6.45199e-06','5.83523e-05','-0.000183067','-5.16201e-07','0','0','0','-0.000190158','-0.00128388','0.0016293','3.95987e-06','-6.10978e-06','5.48642e-06','-4.53724e-05','0.000154438','4.09134e-07','0','0','0','-2.15893e-07','-2.73861e-06','3.95987e-06','2.39325e-07','2.19705e-08','2.61637e-09','6.91179e-08','-1.14655e-08','-1.03984e-09','0','0','0','2.17927e-06','7.3848e-06','-6.10978e-06','2.19705e-08','1.05285e-07','-8.16449e-08','1.48058e-08','-1.40607e-07','4.21698e-11','0','0','0','-1.85265e-06','-6.45199e-06','5.48642e-06','2.61637e-09','-8.16449e-08','7.16875e-08','-2.05492e-08','1.17966e-07','-1.18181e-10','0','0','0','7.36765e-06','5.83523e-05','-4.53724e-05','6.91179e-08','1.48058e-08','-2.05492e-08','0.000237765','-1.91586e-06','-2.08993e-08','0','0','0','-2.22713e-05','-0.000183067','0.000154438','-1.14655e-08','-1.40607e-07','1.17966e-07','-1.91586e-06','0.000752612','-1.23166e-08','0','0','0','-2.29626e-08','-5.16201e-07','4.09134e-07','-1.03984e-09','4.21698e-11','-1.18181e-10','-2.08993e-08','-1.23166e-08','5.03045e-09','0','0','0','0','0','0','0','0','0','0','0','0','0','0','0','0','0','0','0','0','0','0','0','0','0','0','0','0','0','0','0','0','0','0','0','0','0','0','0']

reports.append(Report(575438848, ("DT", -2, 1, 3), "MBwhAst1sec03"))
reports[-1].posNum = 593
reports[-1].negNum = 0
reports[-1].fittype = "6DOF"
reports[-1].add_parameters(ValErr(-0.0435549, 0.0269637, 0), \
                           ValErr(-0.158638, 0.226294, 0), \
                           ValErr(0.10708, 0.182463, 0), \
                           ValErr(0.000139366, 0.000531658, 0), \
                           ValErr(0.000442588, 0.000319577, 0), \
                           ValErr(-0.000288854, 0.000264518, 0), \
                           1476.21, 593, 593, -nan)
reports[-1].sigmax = ValErr(0.508163, 0.0147612, 0)
reports[-1].sigmay = ValErr(0.929529, 0.027013, 0)
reports[-1].sigmadxdz = ValErr(0.00248825, 7.22693e-05, 0)
reports[-1].sigmadydz = ValErr(0, 0, 0)
reports[-1].add_stats(-0.0256224, -0.0391945, -4.84799e-05, -0.00209863, -0.0384884, -0.0290742, 9.53639e-05, -0.000154369, -0.0384884, -0.0290742, 9.53639e-05, -0.000154369, -0.0594724, -0.027125, 0.000175609, 0.000289264, -0.0594724, -0.027125, 0.000175609, 0.000289264, 0.508988, 0.928965, 0.00248954, 0.0270944, 0.508988, 0.928965, 0.00248954, 0.0270944)
reports[-1].CovMatrix = ['0.000727041','0.0037128','-0.00303718','3.30412e-06','1.11448e-06','-6.37529e-07','3.84319e-06','-2.13788e-06','-1.06496e-08','0','0','0','0.0037128','0.0512091','-0.0406952','4.40258e-05','-1.00851e-06','4.75243e-06','6.17601e-05','-6.49429e-05','-1.09734e-07','0','0','0','-0.00303718','-0.0406952','0.0332926','-3.48513e-05','8.59757e-07','-3.80754e-06','-5.08087e-05','5.5529e-05','8.67314e-08','0','0','0','3.30412e-06','4.40258e-05','-3.48513e-05','2.8266e-07','1.24073e-08','1.59945e-08','-1.15518e-08','3.23362e-07','-7.45154e-10','0','0','0','1.11448e-06','-1.00851e-06','8.59757e-07','1.24073e-08','1.02129e-07','-7.89013e-08','-8.46664e-08','2.50736e-07','-2.48487e-10','0','0','0','-6.37529e-07','4.75243e-06','-3.80754e-06','1.59945e-08','-7.89013e-08','6.99699e-08','7.21798e-08','-1.73385e-07','1.1454e-10','0','0','0','3.84319e-06','6.17601e-05','-5.08087e-05','-1.15518e-08','-8.46664e-08','7.21798e-08','0.000217897','-3.71873e-07','1.96468e-10','0','0','0','-2.13788e-06','-6.49429e-05','5.5529e-05','3.23362e-07','2.50736e-07','-1.73385e-07','-3.71873e-07','0.000729723','-1.34319e-09','0','0','0','-1.06496e-08','-1.09734e-07','8.67314e-08','-7.45154e-10','-2.48487e-10','1.1454e-10','1.96468e-10','-1.34319e-09','5.22289e-09','0','0','0','0','0','0','0','0','0','0','0','0','0','0','0','0','0','0','0','0','0','0','0','0','0','0','0','0','0','0','0','0','0','0','0','0','0','0','0']

reports.append(Report(575700992, ("DT", -2, 1, 4), "MBwhAst1sec04"))
reports[-1].posNum = 603
reports[-1].negNum = 0
reports[-1].fittype = "6DOF"
reports[-1].add_parameters(ValErr(-0.0390394, 0.0273343, 0), \
                           ValErr(0.00865754, 0.230245, 0), \
                           ValErr(0.0299138, 0.185926, 0), \
                           ValErr(0.000367289, 0.000546837, 0), \
                           ValErr(0.000254379, 0.000320519, 0), \
                           ValErr(-3.91586e-05, 0.000266323, 0), \
                           1429.41, 603, 603, -nan)
reports[-1].sigmax = ValErr(0.525664, 0.0151383, 0)
reports[-1].sigmay = ValErr(0.953423, 0.0274551, 0)
reports[-1].sigmadxdz = ValErr(0.00264113, 7.60546e-05, 0)
reports[-1].sigmadydz = ValErr(0, 0, 0)
reports[-1].add_stats(-0.0308423, 0.01884, 0.000162324, -0.00273253, -0.0383019, 0.0424931, 0.000173112, -0.000785712, -0.0383019, 0.0424931, 0.000173112, -0.000785712, -0.0518759, 0.0183323, 0.000220639, -0.00214407, -0.0518759, 0.0183323, 0.000220639, -0.00214407, 0.525614, 0.953768, 0.00264218, 0.0287155, 0.525614, 0.953768, 0.00264218, 0.0287155)
reports[-1].CovMatrix = ['0.000747162','0.00373695','-0.00306228','3.46819e-06','1.16681e-06','-6.81493e-07','3.2572e-06','-2.94749e-06','-5.72971e-09','0','0','0','0.00373695','0.053013','-0.04219','4.7285e-05','-2.07237e-06','5.81499e-06','3.23239e-05','-3.39139e-05','-4.89573e-08','0','0','0','-0.00306228','-0.04219','0.0345684','-3.72162e-05','1.6653e-06','-4.60057e-06','-2.64527e-05','2.90943e-05','3.84866e-08','0','0','0','3.46819e-06','4.7285e-05','-3.72162e-05','2.9903e-07','1.07767e-08','1.79194e-08','4.30504e-08','7.04478e-08','-3.45983e-10','0','0','0','1.16681e-06','-2.07237e-06','1.6653e-06','1.07767e-08','1.02733e-07','-7.92886e-08','4.95113e-08','-2.65161e-08','-1.66677e-10','0','0','0','-6.81493e-07','5.81499e-06','-4.60057e-06','1.79194e-08','-7.92886e-08','7.0928e-08','-3.7648e-08','2.85072e-08','1.14154e-10','0','0','0','3.2572e-06','3.23239e-05','-2.64527e-05','4.30504e-08','4.95113e-08','-3.7648e-08','0.000229173','-3.32709e-08','-1.27464e-10','0','0','0','-2.94749e-06','-3.39139e-05','2.90943e-05','7.04478e-08','-2.65161e-08','2.85072e-08','-3.32709e-08','0.000753805','-3.46259e-11','0','0','0','-5.72971e-09','-4.89573e-08','3.84866e-08','-3.45983e-10','-1.66677e-10','1.14154e-10','-1.27464e-10','-3.46259e-11','5.78434e-09','0','0','0','0','0','0','0','0','0','0','0','0','0','0','0','0','0','0','0','0','0','0','0','0','0','0','0','0','0','0','0','0','0','0','0','0','0','0','0']

reports.append(Report(575963136, ("DT", -2, 1, 5), "MBwhAst1sec05"))
reports[-1].posNum = 594
reports[-1].negNum = 0
reports[-1].fittype = "6DOF"
reports[-1].add_parameters(ValErr(-0.0461947, 0.0284447, 0), \
                           ValErr(0.140286, 0.249186, 0), \
                           ValErr(-0.0684828, 0.201278, 0), \
                           ValErr(0.000547734, 0.000574192, 0), \
                           ValErr(0.000307319, 0.000343433, 0), \
                           ValErr(-9.00895e-05, 0.000283845, 0), \
                           1378.97, 594, 594, -nan)
reports[-1].sigmax = ValErr(0.545035, 0.0158156, 0)
reports[-1].sigmay = ValErr(0.989868, 0.0287282, 0)
reports[-1].sigmadxdz = ValErr(0.0025768, 7.47943e-05, 0)
reports[-1].sigmadydz = ValErr(0, 0, 0)
reports[-1].add_stats(-0.0785899, 0.0185694, 0.000131846, -0.00165266, -0.0544919, 0.0547865, 0.000154198, 0.000227264, -0.0544919, 0.0547865, 0.000154198, 0.000227264, -0.062706, 0.0765893, 0.000190281, -0.000680901, -0.062706, 0.0765893, 0.000190281, -0.000680901, 0.545414, 0.990213, 0.00257627, 0.0298779, 0.545414, 0.990213, 0.00257627, 0.0298779)
reports[-1].CovMatrix = ['0.000809103','0.00419957','-0.00344327','3.72682e-06','1.30207e-06','-7.82501e-07','-3.03084e-06','2.83403e-06','9.48782e-09','0','0','0','0.00419957','0.0620939','-0.0494796','5.3471e-05','-1.29078e-06','5.48674e-06','-3.83511e-05','1.97498e-06','1.96621e-07','0','0','0','-0.00344327','-0.0494796','0.0405129','-4.23372e-05','6.81406e-07','-4.05999e-06','3.10886e-05','-2.68414e-06','-1.54649e-07','0','0','0','3.72682e-06','5.3471e-05','-4.23372e-05','3.29697e-07','1.48242e-08','1.62313e-08','-1.33359e-07','-1.7073e-07','1.14319e-09','0','0','0','1.30207e-06','-1.29078e-06','6.81406e-07','1.48242e-08','1.17946e-07','-9.15224e-08','-5.32908e-08','2.16844e-07','-3.04411e-10','0','0','0','-7.82501e-07','5.48674e-06','-4.05999e-06','1.62313e-08','-9.15224e-08','8.05677e-08','3.57405e-08','-1.92267e-07','3.35442e-10','0','0','0','-3.03084e-06','-3.83511e-05','3.10886e-05','-1.33359e-07','-5.32908e-08','3.57405e-08','0.000250138','-3.92291e-08','-3.19436e-10','0','0','0','2.83403e-06','1.97498e-06','-2.68414e-06','-1.7073e-07','2.16844e-07','-1.92267e-07','-3.92291e-08','0.000825337','-1.27243e-09','0','0','0','9.48782e-09','1.96621e-07','-1.54649e-07','1.14319e-09','-3.04411e-10','3.35442e-10','-3.19436e-10','-1.27243e-09','5.59422e-09','0','0','0','0','0','0','0','0','0','0','0','0','0','0','0','0','0','0','0','0','0','0','0','0','0','0','0','0','0','0','0','0','0','0','0','0','0','0','0']

reports.append(Report(576225280, ("DT", -2, 1, 6), "MBwhAst1sec06"))
reports[-1].posNum = 603
reports[-1].negNum = 0
reports[-1].fittype = "6DOF"
reports[-1].add_parameters(ValErr(0.0359694, 0.0276513, 0), \
                           ValErr(0.0974795, 0.239387, 0), \
                           ValErr(-0.0359253, 0.193481, 0), \
                           ValErr(0.0010186, 0.000545581, 0), \
                           ValErr(-2.49068e-05, 0.000323724, 0), \
                           ValErr(-2.57641e-05, 0.000267271, 0), \
                           1374.48, 603, 603, -nan)
reports[-1].sigmax = ValErr(0.556918, 0.0160273, 0)
reports[-1].sigmay = ValErr(0.953552, 0.0271728, 0)
reports[-1].sigmadxdz = ValErr(0.00273034, 7.6876e-05, 0)
reports[-1].sigmadydz = ValErr(0, 0, 0)
reports[-1].add_stats(0.0318434, 0.0349668, -0.000211725, -0.00148124, 0.0323776, 0.0471857, -0.000163943, -0.000640155, 0.0323776, 0.0471857, -0.000163943, -0.000640155, 0.0186746, 0.0766144, -0.000108144, -0.000451343, 0.0186746, 0.0766144, -0.000108144, -0.000451343, 0.557315, 0.95699, 0.00272691, 0.0298126, 0.557315, 0.95699, 0.00272691, 0.0298126)
reports[-1].CovMatrix = ['0.000764594','0.00360554','-0.00296306','3.34534e-06','1.30977e-06','-7.94189e-07','-3.45022e-06','6.59084e-06','5.55856e-08','0','0','0','0.00360554','0.057306','-0.0456953','5.29532e-05','-7.36504e-07','4.95008e-06','-9.89407e-05','8.93642e-05','5.28233e-07','0','0','0','-0.00296306','-0.0456953','0.0374348','-4.20482e-05','-9.38742e-08','-3.369e-06','7.96061e-05','-7.28226e-05','-4.20478e-07','0','0','0','3.34534e-06','5.29532e-05','-4.20482e-05','2.97658e-07','1.26439e-08','1.52257e-08','-1.0671e-07','-1.20413e-07','3.05474e-09','0','0','0','1.30977e-06','-7.36504e-07','-9.38742e-08','1.26439e-08','1.04797e-07','-8.06278e-08','1.32168e-07','-3.30296e-07','1.18758e-10','0','0','0','-7.94189e-07','4.95008e-06','-3.369e-06','1.52257e-08','-8.06278e-08','7.14337e-08','-1.45499e-07','1.53444e-07','-2.33187e-10','0','0','0','-3.45022e-06','-9.89407e-05','7.96061e-05','-1.0671e-07','1.32168e-07','-1.45499e-07','0.000256878','-4.22037e-06','-1.70505e-08','0','0','0','6.59084e-06','8.93642e-05','-7.28226e-05','-1.20413e-07','-3.30296e-07','1.53444e-07','-4.22037e-06','0.000738382','-7.40224e-08','0','0','0','5.55856e-08','5.28233e-07','-4.20478e-07','3.05474e-09','1.18758e-10','-2.33187e-10','-1.70505e-08','-7.40224e-08','5.90996e-09','0','0','0','0','0','0','0','0','0','0','0','0','0','0','0','0','0','0','0','0','0','0','0','0','0','0','0','0','0','0','0','0','0','0','0','0','0','0','0']

reports.append(Report(576487424, ("DT", -2, 1, 7), "MBwhAst1sec07"))
reports[-1].posNum = 654
reports[-1].negNum = 0
reports[-1].fittype = "6DOF"
reports[-1].add_parameters(ValErr(0.0429957, 0.0252676, 0), \
                           ValErr(0.290366, 0.218949, 0), \
                           ValErr(-0.203806, 0.176724, 0), \
                           ValErr(0.000436949, 0.000518763, 0), \
                           ValErr(-0.00012331, 0.000310984, 0), \
                           ValErr(6.57894e-05, 0.000258048, 0), \
                           1574.51, 654, 654, -nan)
reports[-1].sigmax = ValErr(0.517391, 0.0135066, 0)
reports[-1].sigmay = ValErr(0.968146, 0.0268407, 0)
reports[-1].sigmadxdz = ValErr(0.00254661, 7.00851e-05, 0)
reports[-1].sigmadydz = ValErr(0, 0, 0)
reports[-1].add_stats(0.0204492, 0.0689362, 6.40202e-05, -0.00222066, 0.0269923, 0.0390033, -0.000106119, -0.000917858, 0.0269923, 0.0390033, -0.000106119, -0.000917858, 0.03032, 0.0477171, -0.000115344, -0.000784485, 0.03032, 0.0477171, -0.000115344, -0.000784485, 0.518586, 0.968024, 0.00254354, 0.0299205, 0.518586, 0.968024, 0.00254354, 0.0299205)
reports[-1].CovMatrix = ['0.00063845','0.00312906','-0.00256971','2.77183e-06','1.19088e-06','-7.78531e-07','-1.07554e-05','2.55322e-06','2.51503e-08','0','0','0','0.00312906','0.0479387','-0.0381108','4.0763e-05','-2.08182e-06','5.0277e-06','-0.0001916','7.74817e-05','2.32478e-07','0','0','0','-0.00256971','-0.0381108','0.0312314','-3.18251e-05','1.17628e-06','-3.54367e-06','0.000159184','-6.89417e-05','-1.98347e-07','0','0','0','2.77183e-06','4.0763e-05','-3.18251e-05','2.69115e-07','9.38269e-09','1.45982e-08','-3.54465e-07','-5.3316e-07','2.04947e-09','0','0','0','1.19088e-06','-2.08182e-06','1.17628e-06','9.38269e-09','9.67113e-08','-7.51515e-08','6.72509e-08','-2.53397e-07','4.20563e-10','0','0','0','-7.78531e-07','5.0277e-06','-3.54367e-06','1.45982e-08','-7.51515e-08','6.65888e-08','-9.81658e-08','1.59805e-07','-1.41742e-10','0','0','0','-1.07554e-05','-0.0001916','0.000159184','-3.54465e-07','6.72509e-08','-9.81658e-08','0.000182429','4.39751e-07','-2.92637e-08','0','0','0','2.55322e-06','7.74817e-05','-6.89417e-05','-5.3316e-07','-2.53397e-07','1.59805e-07','4.39751e-07','0.000720443','-8.5787e-09','0','0','0','2.51503e-08','2.32478e-07','-1.98347e-07','2.04947e-09','4.20563e-10','-1.41742e-10','-2.92637e-08','-8.5787e-09','4.91195e-09','0','0','0','0','0','0','0','0','0','0','0','0','0','0','0','0','0','0','0','0','0','0','0','0','0','0','0','0','0','0','0','0','0','0','0','0','0','0','0']

reports.append(Report(576749568, ("DT", -2, 1, 8), "MBwhAst1sec08"))
reports[-1].posNum = 616
reports[-1].negNum = 0
reports[-1].fittype = "6DOF"
reports[-1].add_parameters(ValErr(0.0805702, 0.0275046, 0), \
                           ValErr(-0.123455, 0.233817, 0), \
                           ValErr(0.135354, 0.188495, 0), \
                           ValErr(0.000613404, 0.00054956, 0), \
                           ValErr(-0.000127017, 0.000331697, 0), \
                           ValErr(-0.000187264, 0.000273842, 0), \
                           1373.04, 616, 616, -nan)
reports[-1].sigmax = ValErr(0.55436, 0.0158082, 0)
reports[-1].sigmay = ValErr(1.00465, 0.0286702, 0)
reports[-1].sigmadxdz = ValErr(0.00273813, 7.80526e-05, 0)
reports[-1].sigmadydz = ValErr(0, 0, 0)
reports[-1].add_stats(0.116511, 0.0558079, -0.00051467, -0.00121836, 0.0902839, 0.0374965, -0.00039859, -0.00153067, 0.0902839, 0.0374965, -0.00039859, -0.00153067, 0.101052, 0.0632274, -0.000429328, -0.00178696, 0.101052, 0.0632274, -0.000429328, -0.00178696, 0.555449, 1.00571, 0.00273996, 0.0289921, 0.555449, 1.00571, 0.00273996, 0.0289921)
reports[-1].CovMatrix = ['0.000756504','0.00356695','-0.00292595','3.20805e-06','1.33469e-06','-8.62984e-07','-1.63615e-06','4.2613e-06','-2.71461e-09','0','0','0','0.00356695','0.0546704','-0.0434022','4.79506e-05','-4.27034e-07','4.12566e-06','9.06058e-06','-3.08324e-05','6.24134e-08','0','0','0','-0.00292595','-0.0434022','0.0355305','-3.79938e-05','-1.39765e-07','-2.87131e-06','-6.80347e-06','2.38865e-05','-4.84294e-08','0','0','0','3.20805e-06','4.79506e-05','-3.79938e-05','3.02016e-07','1.41942e-08','1.36381e-08','-8.31187e-08','4.43316e-08','3.15985e-10','0','0','0','1.33469e-06','-4.27034e-07','-1.39765e-07','1.41942e-08','1.10023e-07','-8.46829e-08','-1.81991e-07','5.21151e-07','-5.14929e-10','0','0','0','-8.62984e-07','4.12566e-06','-2.87131e-06','1.36381e-08','-8.46829e-08','7.49897e-08','1.5184e-07','-4.22441e-07','3.87611e-10','0','0','0','-1.63615e-06','9.06058e-06','-6.80347e-06','-8.31187e-08','-1.81991e-07','1.5184e-07','0.000249902','-9.08938e-07','5.96728e-10','0','0','0','4.2613e-06','-3.08324e-05','2.38865e-05','4.43316e-08','5.21151e-07','-4.22441e-07','-9.08938e-07','0.000822003','-2.51054e-09','0','0','0','-2.71461e-09','6.24134e-08','-4.84294e-08','3.15985e-10','-5.14929e-10','3.87611e-10','5.96728e-10','-2.51054e-09','6.09225e-09','0','0','0','0','0','0','0','0','0','0','0','0','0','0','0','0','0','0','0','0','0','0','0','0','0','0','0','0','0','0','0','0','0','0','0','0','0','0','0']

reports.append(Report(577011712, ("DT", -2, 1, 9), "MBwhAst1sec09"))
reports[-1].posNum = 632
reports[-1].negNum = 0
reports[-1].fittype = "6DOF"
reports[-1].add_parameters(ValErr(-0.0212303, 0.0262361, 0), \
                           ValErr(0.112167, 0.224113, 0), \
                           ValErr(-0.104184, 0.181235, 0), \
                           ValErr(-0.000585176, 0.000540608, 0), \
                           ValErr(0.000491895, 0.000320517, 0), \
                           ValErr(-0.000366322, 0.000267915, 0), \
                           1471.44, 632, 632, -nan)
reports[-1].sigmax = ValErr(0.536589, 0.0151006, 0)
reports[-1].sigmay = ValErr(0.977052, 0.0275167, 0)
reports[-1].sigmadxdz = ValErr(0.00263389, 7.41169e-05, 0)
reports[-1].sigmadydz = ValErr(0, 0, 0)
reports[-1].add_stats(-0.01894, -0.0498481, 0.000265848, -0.00449079, -0.0360873, -0.00267573, 0.000135485, -0.00182973, -0.0360873, -0.00267573, 0.000135485, -0.00182973, -0.0460876, 0.0503944, 0.000130154, -0.00153396, -0.0460876, 0.0503944, 0.000130154, -0.00153396, 0.537696, 0.97721, 0.00263587, 0.0287609, 0.537696, 0.97721, 0.00263587, 0.0287609)
reports[-1].CovMatrix = ['0.000688335','0.00316769','-0.00261202','2.68989e-06','1.42134e-06','-1.00029e-06','2.56091e-07','5.53791e-06','-1.40456e-08','0','0','0','0.00316769','0.0502267','-0.0399849','4.14757e-05','-2.90459e-06','5.6651e-06','3.36898e-05','-2.31917e-05','-8.63449e-08','0','0','0','-0.00261202','-0.0399849','0.0328462','-3.16507e-05','1.74372e-06','-3.92939e-06','-2.57487e-05','1.73072e-05','6.83827e-08','0','0','0','2.68989e-06','4.14757e-05','-3.16507e-05','2.92257e-07','8.10361e-09','1.69137e-08','1.2953e-07','6.88047e-08','-7.60077e-10','0','0','0','1.42134e-06','-2.90459e-06','1.74372e-06','8.10361e-09','1.02731e-07','-8.03038e-08','-1.25408e-07','4.41444e-07','-5.67608e-10','0','0','0','-1.00029e-06','5.6651e-06','-3.92939e-06','1.69137e-08','-8.03038e-08','7.17783e-08','1.2072e-07','-3.5815e-07','3.76813e-10','0','0','0','2.56091e-07','3.36898e-05','-2.57487e-05','1.2953e-07','-1.25408e-07','1.2072e-07','0.000228032','-5.52026e-07','3.34968e-10','0','0','0','5.53791e-06','-2.31917e-05','1.73072e-05','6.88047e-08','4.41444e-07','-3.5815e-07','-5.52026e-07','0.000757193','-2.50066e-09','0','0','0','-1.40456e-08','-8.63449e-08','6.83827e-08','-7.60077e-10','-5.67608e-10','3.76813e-10','3.34968e-10','-2.50066e-09','5.49336e-09','0','0','0','0','0','0','0','0','0','0','0','0','0','0','0','0','0','0','0','0','0','0','0','0','0','0','0','0','0','0','0','0','0','0','0','0','0','0','0']

reports.append(Report(577273856, ("DT", -2, 1, 10), "MBwhAst1sec10"))
reports[-1].posNum = 620
reports[-1].negNum = 0
reports[-1].fittype = "6DOF"
reports[-1].add_parameters(ValErr(0.0319715, 0.0255695, 0), \
                           ValErr(-0.122035, 0.228346, 0), \
                           ValErr(0.110136, 0.184122, 0), \
                           ValErr(0.000756167, 0.000544843, 0), \
                           ValErr(0.000470686, 0.000328309, 0), \
                           ValErr(-0.000492807, 0.000270767, 0), \
                           1496.75, 620, 620, -nan)
reports[-1].sigmax = ValErr(0.515392, 0.0146364, 0)
reports[-1].sigmay = ValErr(0.972825, 0.0276266, 0)
reports[-1].sigmadxdz = ValErr(0.00252743, 7.17781e-05, 0)
reports[-1].sigmadydz = ValErr(0, 0, 0)
reports[-1].add_stats(0.0366526, 0.0209497, -0.00011849, -0.00198123, 0.0334607, 0.0115819, -0.000190501, 0.000196273, 0.0334607, 0.0115819, -0.000190501, 0.000196273, 0.0483516, 0.020187, -0.000217704, 0.000305454, 0.0483516, 0.020187, -0.000217704, 0.000305454, 0.516031, 0.975006, 0.00253168, 0.02919, 0.516031, 0.975006, 0.00253168, 0.02919)
reports[-1].CovMatrix = ['0.000653797','0.00324326','-0.00266492','2.79799e-06','1.26636e-06','-8.50995e-07','6.67442e-07','8.56277e-07','-3.41212e-09','0','0','0','0.00324326','0.0521419','-0.0414141','4.38294e-05','-1.15568e-06','4.25448e-06','2.42133e-07','6.91039e-06','-2.23159e-09','0','0','0','-0.00266492','-0.0414141','0.033901','-3.43929e-05','1.64367e-07','-2.7232e-06','-5.36425e-07','-4.90239e-06','3.54351e-09','0','0','0','2.79799e-06','4.38294e-05','-3.43929e-05','2.96854e-07','1.44884e-08','1.19284e-08','-1.22413e-08','7.10323e-08','-6.43789e-11','0','0','0','1.26636e-06','-1.15568e-06','1.64367e-07','1.44884e-08','1.07787e-07','-8.36078e-08','3.10849e-08','3.97518e-08','-2.48596e-10','0','0','0','-8.50995e-07','4.25448e-06','-2.7232e-06','1.19284e-08','-8.36078e-08','7.33147e-08','-2.74912e-08','-2.7397e-08','2.09451e-10','0','0','0','6.67442e-07','2.42133e-07','-5.36425e-07','-1.22413e-08','3.10849e-08','-2.74912e-08','0.000214226','8.12316e-09','-7.59639e-11','0','0','0','8.56277e-07','6.91039e-06','-4.90239e-06','7.10323e-08','3.97518e-08','-2.7397e-08','8.12316e-09','0.000763251','-1.03522e-10','0','0','0','-3.41212e-09','-2.23159e-09','3.54351e-09','-6.43789e-11','-2.48596e-10','2.09451e-10','-7.59639e-11','-1.03522e-10','5.15213e-09','0','0','0','0','0','0','0','0','0','0','0','0','0','0','0','0','0','0','0','0','0','0','0','0','0','0','0','0','0','0','0','0','0','0','0','0','0','0','0']

reports.append(Report(577536000, ("DT", -2, 1, 11), "MBwhAst1sec11"))
reports[-1].posNum = 604
reports[-1].negNum = 0
reports[-1].fittype = "6DOF"
reports[-1].add_parameters(ValErr(0.0124971, 0.0264353, 0), \
                           ValErr(-0.0552763, 0.230789, 0), \
                           ValErr(0.0821724, 0.186047, 0), \
                           ValErr(-3.06013e-05, 0.000545098, 0), \
                           ValErr(-0.000370198, 0.000327237, 0), \
                           ValErr(0.000242582, 0.000270928, 0), \
                           1424, 604, 604, -nan)
reports[-1].sigmax = ValErr(0.534663, 0.0154029, 0)
reports[-1].sigmay = ValErr(0.967165, 0.0279158, 0)
reports[-1].sigmadxdz = ValErr(0.00259304, 7.47136e-05, 0)
reports[-1].sigmadydz = ValErr(0, 0, 0)
reports[-1].add_stats(0.00826526, 0.0396576, -0.000191841, -0.00375606, 0.0228929, 0.0410409, -0.000102639, -0.0014962, 0.0228929, 0.0410409, -0.000102639, -0.0014962, 0.0237393, 0.0228579, -7.14483e-05, -0.00185912, 0.0237393, 0.0228579, -7.14483e-05, -0.00185912, 0.535656, 0.965381, 0.00259486, 0.0277276, 0.535656, 0.965381, 0.00259486, 0.0277276)
reports[-1].CovMatrix = ['0.000698823','0.00327899','-0.00269406','2.847e-06','1.2127e-06','-8.00615e-07','9.42532e-06','-1.2483e-05','-1.00733e-08','0','0','0','0.00327899','0.0532633','-0.0422991','4.46501e-05','-2.04906e-06','5.06671e-06','0.000103025','-6.99132e-05','-2.95214e-07','0','0','0','-0.00269406','-0.0422991','0.0346133','-3.51615e-05','7.98535e-07','-3.32e-06','-8.59521e-05','6.63392e-05','2.27111e-07','0','0','0','2.847e-06','4.46501e-05','-3.51615e-05','2.97131e-07','9.89178e-09','1.52685e-08','1.11677e-07','4.93788e-07','-1.80533e-09','0','0','0','1.2127e-06','-2.04906e-06','7.98535e-07','9.89178e-09','1.07084e-07','-8.30897e-08','1.92968e-07','-5.93974e-07','6.62893e-10','0','0','0','-8.00615e-07','5.06671e-06','-3.32e-06','1.52685e-08','-8.30897e-08','7.34019e-08','-1.59464e-07','5.22925e-07','-6.24271e-10','0','0','0','9.42532e-06','0.000103025','-8.59521e-05','1.11677e-07','1.92968e-07','-1.59464e-07','0.000237252','-1.2834e-06','5.20764e-10','0','0','0','-1.2483e-05','-6.99132e-05','6.63392e-05','4.93788e-07','-5.93974e-07','5.22925e-07','-1.2834e-06','0.000779317','-7.03946e-09','0','0','0','-1.00733e-08','-2.95214e-07','2.27111e-07','-1.80533e-09','6.62893e-10','-6.24271e-10','5.20764e-10','-7.03946e-09','5.58217e-09','0','0','0','0','0','0','0','0','0','0','0','0','0','0','0','0','0','0','0','0','0','0','0','0','0','0','0','0','0','0','0','0','0','0','0','0','0','0','0']

reports.append(Report(577798144, ("DT", -2, 1, 12), "MBwhAst1sec12"))
reports[-1].posNum = 602
reports[-1].negNum = 0
reports[-1].fittype = "6DOF"
reports[-1].add_parameters(ValErr(-0.0415844, 0.026835, 0), \
                           ValErr(0.086142, 0.238164, 0), \
                           ValErr(-0.0508477, 0.191398, 0), \
                           ValErr(-0.000328902, 0.000567684, 0), \
                           ValErr(0.000273619, 0.000339399, 0), \
                           ValErr(-9.25006e-05, 0.000281704, 0), \
                           1338.12, 602, 602, -nan)
reports[-1].sigmax = ValErr(0.549164, 0.0158474, 0)
reports[-1].sigmay = ValErr(1.0136, 0.0292906, 0)
reports[-1].sigmadxdz = ValErr(0.00275663, 7.94713e-05, 0)
reports[-1].sigmadydz = ValErr(0, 0, 0)
reports[-1].add_stats(-0.0293273, 0.00317238, 0.000196699, -0.00178403, -0.0469348, 0.0284389, 0.000223321, -0.00124685, -0.0469348, 0.0284389, 0.000223321, -0.00124685, -0.067423, 0.0268755, 0.000321331, -0.000959722, -0.067423, 0.0268755, 0.000321331, -0.000959722, 0.549383, 1.01285, 0.00275737, 0.0302521, 0.549383, 1.01285, 0.00275737, 0.0302521)
reports[-1].CovMatrix = ['0.000720119','0.00335069','-0.00274756','3.06866e-06','9.75487e-07','-5.76331e-07','-2.75413e-07','3.38388e-06','-5.5819e-09','0','0','0','0.00335069','0.056722','-0.0448822','4.79852e-05','-5.16714e-06','7.9077e-06','4.14038e-05','-7.89478e-05','2.43373e-08','0','0','0','-0.00274756','-0.0448822','0.0366333','-3.81334e-05','2.9704e-06','-5.36669e-06','-3.0903e-05','5.73393e-05','-1.29976e-08','0','0','0','3.06866e-06','4.79852e-05','-3.81334e-05','3.22265e-07','7.26959e-10','2.33542e-08','2.11886e-08','-5.68758e-09','-2.79492e-11','0','0','0','9.75487e-07','-5.16714e-06','2.9704e-06','7.26959e-10','1.15192e-07','-8.95076e-08','-2.58781e-07','7.22541e-07','-6.63073e-10','0','0','0','-5.76331e-07','7.9077e-06','-5.36669e-06','2.33542e-08','-8.95076e-08','7.93571e-08','2.25646e-07','-5.85887e-07','4.67886e-10','0','0','0','-2.75413e-07','4.14038e-05','-3.0903e-05','2.11886e-08','-2.58781e-07','2.25646e-07','0.000251145','-1.7154e-06','1.35813e-09','0','0','0','3.38388e-06','-7.89478e-05','5.73393e-05','-5.68758e-09','7.22541e-07','-5.85887e-07','-1.7154e-06','0.000857963','-4.02394e-09','0','0','0','-5.5819e-09','2.43373e-08','-1.29976e-08','-2.79492e-11','-6.63073e-10','4.67886e-10','1.35813e-09','-4.02394e-09','6.31574e-09','0','0','0','0','0','0','0','0','0','0','0','0','0','0','0','0','0','0','0','0','0','0','0','0','0','0','0','0','0','0','0','0','0','0','0','0','0','0','0']

reports.append(Report(579108864, ("DT", -2, 2, 1), "MBwhAst2sec01"))
reports[-1].posNum = 673
reports[-1].negNum = 0
reports[-1].fittype = "6DOF"
reports[-1].add_parameters(ValErr(0.0808419, 0.0300521, 0), \
                           ValErr(-0.229253, 0.245523, 0), \
                           ValErr(0.10127, 0.233192, 0), \
                           ValErr(-0.000704419, 0.000689083, 0), \
                           ValErr(-7.82358e-05, 0.000336725, 0), \
                           ValErr(-0.000149336, 0.000326066, 0), \
                           1120.66, 673, 673, -nan)
reports[-1].sigmax = ValErr(0.749275, 0.020309, 0)
reports[-1].sigmay = ValErr(1.2723, 0.0347487, 0)
reports[-1].sigmadxdz = ValErr(0.00281113, 7.60354e-05, 0)
reports[-1].sigmadydz = ValErr(0, 0, 0)
reports[-1].add_stats(0.0747099, -0.137941, -0.000178078, -0.00123477, 0.0774268, -0.123793, -0.000255301, -0.00128809, 0.0774268, -0.123793, -0.000255301, -0.00128809, 0.0654589, -0.132963, -0.000140619, -0.00239328, 0.0654589, -0.132963, -0.000140619, -0.00239328, 0.749707, 1.27328, 0.00280982, 0.0234639, 0.749707, 1.27328, 0.00280982, 0.0234639)
reports[-1].CovMatrix = ['0.000903128','-0.00165122','0.00162238','-1.32235e-06','1.48667e-06','-1.41211e-06','-2.64911e-06','3.15668e-06','4.93277e-09','0','0','0','-0.00165122','0.0602816','-0.0561339','4.63912e-05','7.68536e-07','-1.75423e-06','0.000133253','-6.22828e-05','-8.83606e-08','0','0','0','0.00162238','-0.0561339','0.0543785','-4.38888e-05','4.09562e-07','3.92116e-07','-0.000149814','5.89772e-05','-1.35009e-09','0','0','0','-1.32235e-06','4.63912e-05','-4.38888e-05','4.74835e-07','-1.55472e-08','3.67478e-10','1.96601e-07','5.76821e-07','-1.71866e-09','0','0','0','1.48667e-06','7.68536e-07','4.09562e-07','-1.55472e-08','1.13384e-07','-1.04115e-07','-1.80745e-08','-9.47726e-09','-1.41045e-10','0','0','0','-1.41211e-06','-1.75423e-06','3.92116e-07','3.67478e-10','-1.04115e-07','1.06319e-07','-2.64974e-08','-2.86046e-08','3.79187e-11','0','0','0','-2.64911e-06','0.000133253','-0.000149814','1.96601e-07','-1.80745e-08','-2.64974e-08','0.000412464','-2.48802e-06','-2.17779e-08','0','0','0','3.15668e-06','-6.22828e-05','5.89772e-05','5.76821e-07','-9.47726e-09','-2.86046e-08','-2.48802e-06','0.00120752','-7.10397e-09','0','0','0','4.93277e-09','-8.83606e-08','-1.35009e-09','-1.71866e-09','-1.41045e-10','3.79187e-11','-2.17779e-08','-7.10397e-09','5.78143e-09','0','0','0','0','0','0','0','0','0','0','0','0','0','0','0','0','0','0','0','0','0','0','0','0','0','0','0','0','0','0','0','0','0','0','0','0','0','0','0']

reports.append(Report(579371008, ("DT", -2, 2, 2), "MBwhAst2sec02"))
reports[-1].posNum = 655
reports[-1].negNum = 0
reports[-1].fittype = "6DOF"
reports[-1].add_parameters(ValErr(-0.0479668, 0.0284179, 0), \
                           ValErr(-0.0400678, 0.231183, 0), \
                           ValErr(0.0657008, 0.21878, 0), \
                           ValErr(0.000518317, 0.000660292, 0), \
                           ValErr(0.000492887, 0.000324978, 0), \
                           ValErr(-0.000215882, 0.000313125, 0), \
                           1181.83, 655, 655, -nan)
reports[-1].sigmax = ValErr(0.70521, 0.0194888, 0)
reports[-1].sigmay = ValErr(1.21427, 0.0335671, 0)
reports[-1].sigmadxdz = ValErr(0.002723, 7.52815e-05, 0)
reports[-1].sigmadydz = ValErr(0, 0, 0)
reports[-1].add_stats(-0.0680699, -0.056076, 0.000381048, 0.00173715, -0.053903, 0.0236569, 0.000288921, 0.00103128, -0.053903, 0.0236569, 0.000288921, 0.00103128, -0.0601022, 0.0183592, 0.000363671, 0.000816293, -0.0601022, 0.0183592, 0.000363671, 0.000816293, 0.705361, 1.21486, 0.00272561, 0.0229727, 0.705361, 1.21486, 0.00272561, 0.0229727)
reports[-1].CovMatrix = ['0.000807577','-0.0013888','0.00135611','-1.11544e-06','1.0057e-06','-9.20433e-07','-2.02337e-06','1.47994e-06','5.92513e-09','0','0','0','-0.0013888','0.0534454','-0.0494925','3.90021e-05','1.76459e-06','-2.71567e-06','9.39473e-05','-9.3352e-05','-1.52296e-07','0','0','0','0.00135611','-0.0494925','0.0478647','-3.81985e-05','-3.72424e-07','1.35535e-06','-9.06621e-05','8.92347e-05','1.51157e-07','0','0','0','-1.11544e-06','3.90021e-05','-3.81985e-05','4.35986e-07','-9.95772e-09','-3.18201e-09','1.32398e-07','5.62065e-07','-1.74714e-09','0','0','0','1.0057e-06','1.76459e-06','-3.72424e-07','-9.95772e-09','1.05611e-07','-9.62288e-08','1.87942e-08','-1.18642e-07','1.98727e-10','0','0','0','-9.20433e-07','-2.71567e-06','1.35535e-06','-3.18201e-09','-9.62288e-08','9.80474e-08','-2.3912e-08','9.68961e-08','-1.25636e-10','0','0','0','-2.02337e-06','9.39473e-05','-9.06621e-05','1.32398e-07','1.87942e-08','-2.3912e-08','0.00037982','-9.562e-08','-4.99707e-10','0','0','0','1.47994e-06','-9.3352e-05','8.92347e-05','5.62065e-07','-1.18642e-07','9.68961e-08','-9.562e-08','0.00112679','-2.40894e-09','0','0','0','5.92513e-09','-1.52296e-07','1.51157e-07','-1.74714e-09','1.98727e-10','-1.25636e-10','-4.99707e-10','-2.40894e-09','5.66735e-09','0','0','0','0','0','0','0','0','0','0','0','0','0','0','0','0','0','0','0','0','0','0','0','0','0','0','0','0','0','0','0','0','0','0','0','0','0','0','0']

reports.append(Report(579633152, ("DT", -2, 2, 3), "MBwhAst2sec03"))
reports[-1].posNum = 673
reports[-1].negNum = 0
reports[-1].fittype = "6DOF"
reports[-1].add_parameters(ValErr(-0.0276051, 0.0291746, 0), \
                           ValErr(0.129007, 0.229264, 0), \
                           ValErr(-0.146815, 0.218195, 0), \
                           ValErr(0.000421435, 0.000642402, 0), \
                           ValErr(0.000290332, 0.000306763, 0), \
                           ValErr(-0.000192442, 0.000297394, 0), \
                           1225.01, 673, 673, -nan)
reports[-1].sigmax = ValErr(0.725215, 0.0197807, 0)
reports[-1].sigmay = ValErr(1.15034, 0.0313964, 0)
reports[-1].sigmadxdz = ValErr(0.00275095, 7.49897e-05, 0)
reports[-1].sigmadydz = ValErr(0, 0, 0)
reports[-1].add_stats(-0.00996217, -0.0266156, -7.69275e-05, -0.00114798, -0.0256331, -0.0246991, 0.000128317, -0.00103274, -0.0256331, -0.0246991, 0.000128317, -0.00103274, -0.0296507, 0.00312111, 0.00016885, -0.00210104, -0.0296507, 0.00312111, 0.00016885, -0.00210104, 0.725975, 1.14941, 0.00275217, 0.0218976, 0.725975, 1.14941, 0.00275217, 0.0218976)
