nan = None;  NAN = None
nan = 0
reports = []
class ValErr:
    def __init__(self, value, error, antisym):
        self.value, self.error, self.antisym = value, error, antisym

    def __repr__(self):
        if self.antisym == 0.:
            return "%g +- %g" % (self.value, self.error)
        else:
            return "%g +- %g ~ %g" % (self.value, self.error, self.antisym)

class Report:
    def __init__(self, chamberId, postal_address, name):
        self.chamberId, self.postal_address, self.name = chamberId, postal_address, name
        self.status = "NOFIT"
        self.fittype = None
        self.CovMatrix = None

    def add_parameters(self, deltax, deltay, deltaz, deltaphix, deltaphiy, deltaphiz, loglikelihood, numsegments, sumofweights, redchi2):
        self.status = "PASS"
        self.deltax, self.deltay, self.deltaz, self.deltaphix, self.deltaphiy, self.deltaphiz = deltax, deltay, deltaz, deltaphix, deltaphiy, deltaphiz
        self.loglikelihood, self.numsegments, self.sumofweights, self.redchi2 = loglikelihood, numsegments, sumofweights, redchi2

    def add_stats(self, median_x, median_y, median_dxdz, median_dydz, mean30_x, mean30_y, mean20_dxdz, mean50_dydz, mean15_x, mean15_y, mean10_dxdz, mean25_dydz, wmean30_x, wmean30_y, wmean20_dxdz, wmean50_dydz, wmean15_x, wmean15_y, wmean10_dxdz, wmean25_dydz, stdev30_x, stdev30_y, stdev20_dxdz, stdev50_dydz, stdev15_x, stdev15_y, stdev10_dxdz, stdev25_dydz):
        self.median_x, self.median_y, self.median_dxdz, self.median_dydz, self.mean30_x, self.mean30_y, self.mean20_dxdz, self.mean50_dydz, self.mean15_x, self.mean15_y, self.mean10_dxdz, self.mean25_dydz, self.wmean30_x, self.wmean30_y, self.wmean20_dxdz, self.wmean50_dydz, self.wmean15_x, self.wmean15_y, self.wmean10_dxdz, self.wmean25_dydz, self.stdev30_x, self.stdev30_y, self.stdev20_dxdz, self.stdev50_dydz, self.stdev15_x, self.stdev15_y, self.stdev10_dxdz, self.stdev25_dydz = median_x, median_y, median_dxdz, median_dydz, mean30_x, mean30_y, mean20_dxdz, mean50_dydz, mean15_x, mean15_y, mean10_dxdz, mean25_dydz, wmean30_x, wmean30_y, wmean20_dxdz, wmean50_dydz, wmean15_x, wmean15_y, wmean10_dxdz, wmean25_dydz, stdev30_x, stdev30_y, stdev20_dxdz, stdev50_dydz, stdev15_x, stdev15_y, stdev10_dxdz, stdev25_dydz

    def __repr__(self):
        return "<Report %s %s %s>" % (self.postal_address[0], " ".join(map(str, self.postal_address[1:])), self.status)

reports.append(Report(574914560, ("DT", -2, 1, 1), "MBwhAst1sec01"))
reports[-1].posNum = 32
reports[-1].negNum = 0
reports[-1].fittype = "6DOF"
reports[-1].add_parameters(ValErr(-0.129871, 0.146111, 0), \
                           ValErr(0.366779, 1.15745, 0), \
                           ValErr(-0.128244, 0.93472, 0), \
                           ValErr(-0.00137628, 0.00282867, 0), \
                           ValErr(-0.00301855, 0.00162442, 0), \
                           ValErr(0.0028261, 0.00134192, 0), \
                           67.5054, 32, 32, -nan)
reports[-1].sigmax = ValErr(0.594478, 0.0751998, 0)
reports[-1].sigmay = ValErr(1.01833, 0.128956, 0)
reports[-1].sigmadxdz = ValErr(0.0028389, 0.00035637, 0)
reports[-1].sigmadydz = ValErr(0, 0, 0)
reports[-1].add_stats(-0.0603444, 0.332136, 0.00057581, -0.00795791, -0.111801, 0.28133, 0.000607678, -0.00969695, -0.111801, 0.28133, 0.000607678, -0.00969695, -0.120943, -0.00455382, 0.000726745, -0.00932041, -0.120943, -0.00455382, 0.000726745, -0.00932041, 0.582776, 1.09818, 0.0028574, 0.0254006, 0.582776, 1.09818, 0.0028574, 0.0254006)
reports[-1].CovMatrix = ['0.0213485','0.115135','-0.0937188','9.32695e-05','2.34469e-05','-9.58584e-06','0.000281421','-0.000129978','-9.15581e-07','0','0','0','0.115135','1.33969','-1.06822','0.00104432','3.29068e-05','8.18126e-05','0.00467179','-0.00376863','-1.13383e-05','0','0','0','-0.0937188','-1.06822','0.873702','-0.000836694','1.9224e-05','-0.000102923','-0.00412341','0.00360708','9.29513e-06','0','0','0','9.32695e-05','0.00104432','-0.000836694','8.0014e-06','6.22703e-07','3.64767e-07','-1.1678e-06','3.35598e-05','-8.62675e-08','0','0','0','2.34469e-05','3.29068e-05','1.9224e-05','6.22703e-07','2.63875e-06','-2.02136e-06','-1.66774e-05','2.74756e-05','3.31202e-09','0','0','0','-9.58584e-06','8.18126e-05','-0.000102923','3.64767e-07','-2.02136e-06','1.80074e-06','1.4403e-05','-1.88441e-05','-1.61808e-08','0','0','0','0.000281421','0.00467179','-0.00412341','-1.1678e-06','-1.66774e-05','1.4403e-05','0.00565691','-0.000199846','-8.70312e-08','0','0','0','-0.000129978','-0.00376863','0.00360708','3.35598e-05','2.74756e-05','-1.88441e-05','-0.000199846','0.0166396','-2.46995e-07','0','0','0','-9.15581e-07','-1.13383e-05','9.29513e-06','-8.62675e-08','3.31202e-09','-1.61808e-08','-8.70312e-08','-2.46995e-07','1.27019e-07','0','0','0','0','0','0','0','0','0','0','0','0','0','0','0','0','0','0','0','0','0','0','0','0','0','0','0','0','0','0','0','0','0','0','0','0','0','0','0']

reports.append(Report(575176704, ("DT", -2, 1, 2), "MBwhAst1sec02"))
reports[-1].posNum = 32
reports[-1].negNum = 0
reports[-1].fittype = "6DOF"
reports[-1].add_parameters(ValErr(-0.0184113, 0.104911, 0), \
                           ValErr(-0.213679, 0.791203, 0), \
                           ValErr(0.303602, 0.639488, 0), \
                           ValErr(0.000497727, 0.00202962, 0), \
                           ValErr(-0.00230972, 0.00128192, 0), \
                           ValErr(0.0016202, 0.00108623, 0), \
                           85.3258, 32, 32, -nan)
reports[-1].sigmax = ValErr(0.473096, 0.0593283, 0)
reports[-1].sigmay = ValErr(0.952777, 0.119645, 0)
reports[-1].sigmadxdz = ValErr(0.00218436, 0.000274625, 0)
reports[-1].sigmadydz = ValErr(0, 0, 0)
reports[-1].add_stats(0.13477, 0.118575, -0.000719259, -0.00727263, 0.0508704, 0.138999, -0.000500823, 0.00068362, 0.0508704, 0.138999, -0.000500823, 0.00068362, 0.0874918, 0.179118, -0.000722143, 0.00470562, 0.0874918, 0.179118, -0.000722143, 0.00470562, 0.483426, 0.958196, 0.00222575, 0.0250023, 0.483426, 0.958196, 0.00222575, 0.0250023)
reports[-1].CovMatrix = ['0.0110063','0.0444865','-0.0368011','2.91401e-05','2.93601e-05','-2.26999e-05','0.000158223','-0.000311451','1.55944e-08','0','0','0','0.0444865','0.626002','-0.493934','0.000392115','-4.93022e-05','7.6625e-05','0.00129611','-8.97689e-05','-5.573e-06','0','0','0','-0.0368011','-0.493934','0.408945','-0.000271534','4.17027e-05','-5.92974e-05','-0.000966798','0.000165267','3.95765e-06','0','0','0','2.91401e-05','0.000392115','-0.000271534','4.11935e-06','1.55216e-07','2.48939e-07','8.72408e-06','4.55416e-06','-4.97844e-08','0','0','0','2.93601e-05','-4.93022e-05','4.17027e-05','1.55216e-07','1.64332e-06','-1.31149e-06','2.94699e-06','-1.43583e-05','1.94426e-08','0','0','0','-2.26999e-05','7.6625e-05','-5.92974e-05','2.48939e-07','-1.31149e-06','1.1799e-06','-1.7902e-06','1.24342e-05','-2.01943e-08','0','0','0','0.000158223','0.00129611','-0.000966798','8.72408e-06','2.94699e-06','-1.7902e-06','0.00352077','-1.56336e-05','-7.13696e-08','0','0','0','-0.000311451','-8.97689e-05','0.000165267','4.55416e-06','-1.43583e-05','1.24342e-05','-1.56336e-05','0.0143229','-2.44159e-07','0','0','0','1.55944e-08','-5.573e-06','3.95765e-06','-4.97844e-08','1.94426e-08','-2.01943e-08','-7.13696e-08','-2.44159e-07','7.5428e-08','0','0','0','0','0','0','0','0','0','0','0','0','0','0','0','0','0','0','0','0','0','0','0','0','0','0','0','0','0','0','0','0','0','0','0','0','0','0','0']

reports.append(Report(575438848, ("DT", -2, 1, 3), "MBwhAst1sec03"))
reports[-1].posNum = 25
reports[-1].negNum = 0
reports[-1].fittype = "6DOF"
reports[-1].add_parameters(ValErr(-0.158057, 0.145707, 0), \
                           ValErr(-0.664293, 1.1189, 0), \
                           ValErr(0.421461, 0.898504, 0), \
                           ValErr(0.0034958, 0.00351527, 0), \
                           ValErr(-0.00189, 0.00204016, 0), \
                           ValErr(0.00251645, 0.00175219, 0), \
                           42.2565, 25, 25, -nan)
reports[-1].sigmax = ValErr(0.58533, 0.083496, 0)
reports[-1].sigmay = ValErr(1.44939, 0.2146, 0)
reports[-1].sigmadxdz = ValErr(0.00308022, 0.00044858, 0)
reports[-1].sigmadydz = ValErr(0, 0, 0)
reports[-1].add_stats(-0.00931072, 0.0245754, 0.000271978, 0.0093007, -0.0746715, -0.195512, 0.000673213, 0.00495757, -0.0746715, -0.195512, 0.000673213, 0.00495757, 0.0152872, -0.172276, 0.000701218, 0.00552039, 0.0152872, -0.172276, 0.000701218, 0.00552039, 0.608593, 1.38004, 0.00329611, 0.0281382, 0.608593, 1.38004, 0.00329611, 0.0281382)
reports[-1].CovMatrix = ['0.0212305','0.0828889','-0.0683683','3.30113e-05','6.78225e-05','-5.52698e-05','0.000944592','0.00262659','6.50469e-07','0','0','0','0.0828889','1.25193','-0.969778','0.000499424','-0.000183729','0.000199975','0.01046','0.0173067','-1.8031e-05','0','0','0','-0.0683683','-0.969778','0.807309','-0.000262871','0.000177666','-0.000173982','-0.00873954','-0.0162568','1.13521e-05','0','0','0','3.30113e-05','0.000499424','-0.000262871','1.23571e-05','-1.92996e-08','1.09322e-06','-4.46669e-06','-0.000173248','-3.4198e-07','0','0','0','6.78225e-05','-0.000183729','0.000177666','-1.92996e-08','4.16226e-06','-3.36654e-06','7.8238e-06','6.42214e-05','9.52388e-08','0','0','0','-5.52698e-05','0.000199975','-0.000173982','1.09322e-06','-3.36654e-06','3.07018e-06','-7.15466e-06','-6.89044e-05','-1.08318e-07','0','0','0','0.000944592','0.01046','-0.00873954','-4.46669e-06','7.8238e-06','-7.15466e-06','0.00697452','0.000448709','3.04084e-07','0','0','0','0.00262659','0.0173067','-0.0162568','-0.000173248','6.42214e-05','-6.89044e-05','0.000448709','0.0461102','6.26084e-06','0','0','0','6.50469e-07','-1.8031e-05','1.13521e-05','-3.4198e-07','9.52388e-08','-1.08318e-07','3.04084e-07','6.26084e-06','2.01269e-07','0','0','0','0','0','0','0','0','0','0','0','0','0','0','0','0','0','0','0','0','0','0','0','0','0','0','0','0','0','0','0','0','0','0','0','0','0','0','0']

reports.append(Report(575700992, ("DT", -2, 1, 4), "MBwhAst1sec04"))
reports[-1].posNum = 25
reports[-1].negNum = 0
reports[-1].fittype = "6DOF"
reports[-1].add_parameters(ValErr(-0.0305438, 0.109251, 0), \
                           ValErr(-0.0711487, 0.332255, 0), \
                           ValErr(0.443462, 0.306121, 0), \
                           ValErr(0.0030269, 0.00289499, 0), \
                           ValErr(-0.00171958, 0.00192512, 0), \
                           ValErr(0.00178773, 0.00156514, 0), \
                           46.8041, 25, 25, -nan)
reports[-1].sigmax = ValErr(0.672226, 0.0924594, 0)
reports[-1].sigmay = ValErr(1.05916, 0.148337, 0)
reports[-1].sigmadxdz = ValErr(0.00306014, 0.000444599, 0)
reports[-1].sigmadydz = ValErr(0, 0, 0)
reports[-1].add_stats(-0.181509, 0.548674, 0.000451282, -0.0109345, -0.00014129, 0.412146, 0.000228369, -0.00597985, -0.00014129, 0.412146, 0.000228369, -0.00597985, 0.0884531, 0.400817, 0.000225077, -0.00137262, 0.0884531, 0.400817, 0.000225077, -0.00137262, 0.681755, 1.07887, 0.00310102, 0.0304737, 0.681755, 1.07887, 0.00310102, 0.0304737)
reports[-1].CovMatrix = ['0.0119359','0.00532799','-0.00797162','-2.40999e-06','5.05076e-05','-4.10133e-05','0.00125698','-6.41412e-05','1.06336e-06','0','0','0','0.00532799','0.110394','-0.0832211','-0.000114272','0.000490189','-0.00040336','0.00123305','-0.00228025','8.6631e-06','0','0','0','-0.00797162','-0.0832211','0.0937103','7.51e-05','-0.000492163','0.000401969','-0.00144359','0.00232663','-1.02883e-05','0','0','0','-2.40999e-06','-0.000114272','7.51e-05','8.38098e-06','-2.57048e-07','6.32358e-07','3.72173e-06','-2.00139e-05','5.80792e-08','0','0','0','5.05076e-05','0.000490189','-0.000492163','-2.57048e-07','3.70611e-06','-2.85346e-06','1.02812e-05','-1.96643e-05','6.62628e-08','0','0','0','-4.10133e-05','-0.00040336','0.000401969','6.32358e-07','-2.85346e-06','2.44965e-06','-8.52108e-06','1.23057e-05','-5.09954e-08','0','0','0','0.00125698','0.00123305','-0.00144359','3.72173e-06','1.02812e-05','-8.52108e-06','0.00855262','-0.000263598','5.73273e-07','0','0','0','-6.41412e-05','-0.00228025','0.00232663','-2.00139e-05','-1.96643e-05','1.23057e-05','-0.000263598','0.0220211','-8.6283e-07','0','0','0','1.06336e-06','8.6631e-06','-1.02883e-05','5.80792e-08','6.62628e-08','-5.09954e-08','5.73273e-07','-8.6283e-07','1.97713e-07','0','0','0','0','0','0','0','0','0','0','0','0','0','0','0','0','0','0','0','0','0','0','0','0','0','0','0','0','0','0','0','0','0','0','0','0','0','0','0']

reports.append(Report(575963136, ("DT", -2, 1, 5), "MBwhAst1sec05"))
reports[-1].posNum = 35
reports[-1].negNum = 0
reports[-1].fittype = "6DOF"
reports[-1].add_parameters(ValErr(0.0570952, 0.109007, 0), \
                           ValErr(0.716791, 1.0093, 0), \
                           ValErr(-0.605989, 0.810733, 0), \
                           ValErr(0.000102076, 0.00247913, 0), \
                           ValErr(-0.000558102, 0.00144134, 0), \
                           ValErr(0.000836393, 0.00118414, 0), \
                           77.7875, 35, 35, -nan)
reports[-1].sigmax = ValErr(0.526823, 0.0637854, 0)
reports[-1].sigmay = ValErr(1.01064, 0.122259, 0)
reports[-1].sigmadxdz = ValErr(0.00288262, 0.000349322, 0)
reports[-1].sigmadydz = ValErr(0, 0, 0)
reports[-1].add_stats(-0.0537422, -0.08506, 0.000673648, 0.0116531, 0.0146516, -0.0326379, 0.000419367, 0.0101291, 0.0146516, -0.0326379, 0.000419367, 0.0101291, 0.0013114, -0.0971313, 0.000603089, 0.0106633, 0.0013114, -0.0971313, 0.000603089, 0.0106633, 0.54075, 1.00132, 0.00287856, 0.0232341, 0.54075, 1.00132, 0.00287856, 0.0232341)
reports[-1].CovMatrix = ['0.0118824','0.061889','-0.0505092','6.27957e-05','8.4179e-06','-1.68808e-06','-0.000389083','0.000261572','1.42774e-06','0','0','0','0.061889','1.01869','-0.806421','0.000951868','-7.0037e-05','0.000131288','-0.00720587','0.0061526','2.22386e-05','0','0','0','-0.0505092','-0.806421','0.657288','-0.000787478','4.67525e-05','-9.96598e-05','0.00583557','-0.00484728','-1.83628e-05','0','0','0','6.27957e-05','0.000951868','-0.000787478','6.1461e-06','-4.19225e-08','5.01568e-07','-1.21398e-05','-2.60865e-05','1.41987e-07','0','0','0','8.4179e-06','-7.0037e-05','4.67525e-05','-4.19225e-08','2.07745e-06','-1.59132e-06','9.96972e-06','-1.69529e-05','-6.15078e-09','0','0','0','-1.68808e-06','0.000131288','-9.96598e-05','5.01568e-07','-1.59132e-06','1.40218e-06','-9.33626e-06','1.15861e-05','1.81849e-08','0','0','0','-0.000389083','-0.00720587','0.00583557','-1.21398e-05','9.96972e-06','-9.33626e-06','0.00406968','-9.06146e-05','-3.19205e-07','0','0','0','0.000261572','0.0061526','-0.00484728','-2.60865e-05','-1.69529e-05','1.15861e-05','-9.06146e-05','0.0149555','-5.48835e-07','0','0','0','1.42774e-06','2.22386e-05','-1.83628e-05','1.41987e-07','-6.15078e-09','1.81849e-08','-3.19205e-07','-5.48835e-07','1.22044e-07','0','0','0','0','0','0','0','0','0','0','0','0','0','0','0','0','0','0','0','0','0','0','0','0','0','0','0','0','0','0','0','0','0','0','0','0','0','0','0']

reports.append(Report(576225280, ("DT", -2, 1, 6), "MBwhAst1sec06"))
reports[-1].posNum = 16
reports[-1].negNum = 0
reports[-1].fittype = "6DOF"
reports[-1].add_parameters(ValErr(-0.392373, 0.17087, 0), \
                           ValErr(-0.375222, 1.2019, 0), \
                           ValErr(0.603588, 0.968057, 0), \
                           ValErr(-0.00118182, 0.00322831, 0), \
                           ValErr(-0.00146323, 0.00220882, 0), \
                           ValErr(0.00176463, 0.00179107, 0), \
                           40.3049, 16, 16, -nan)
reports[-1].sigmax = ValErr(0.50095, 0.0893081, 0)
reports[-1].sigmay = ValErr(0.983624, 0.18166, 0)
reports[-1].sigmadxdz = ValErr(0.00231431, 0.000416045, 0)
reports[-1].sigmadydz = ValErr(0, 0, 0)
reports[-1].add_stats(-0.340417, 0.474781, 0.000577973, 0.00773281, -0.290049, 0.404472, 0.000685317, 0.00650068, -0.290049, 0.404472, 0.000685317, 0.00650068, -0.168926, 0.659729, -7.89746e-05, 0.0104897, -0.168926, 0.659729, -7.89746e-05, 0.0104897, 0.520611, 0.958906, 0.00239842, 0.0245585, 0.520611, 0.958906, 0.00239842, 0.0245585)
reports[-1].CovMatrix = ['0.0291966','0.130402','-0.105695','9.20978e-05','9.40599e-05','-7.12189e-05','0.000525637','-0.00211773','2.63716e-06','0','0','0','0.130402','1.44457','-1.13689','0.000945258','0.000219657','-9.48975e-05','0.00165946','-0.00313565','2.51632e-07','0','0','0','-0.105695','-1.13689','0.937134','-0.000646133','-7.15589e-05','2.19059e-06','-0.000716106','0.000122385','2.68809e-06','0','0','0','9.20978e-05','0.000945258','-0.000646133','1.0422e-05','2.1069e-06','-5.50532e-07','2.01351e-05','-3.54759e-05','-6.76516e-09','0','0','0','9.40599e-05','0.000219657','-7.15589e-05','2.1069e-06','4.87891e-06','-3.73928e-06','2.45252e-05','-0.000115879','1.6009e-07','0','0','0','-7.12189e-05','-9.48975e-05','2.19059e-06','-5.50532e-07','-3.73928e-06','3.20795e-06','-1.93308e-05','9.29073e-05','-1.29434e-07','0','0','0','0.000525637','0.00165946','-0.000716106','2.01351e-05','2.45252e-05','-1.93308e-05','0.0079804','-0.000585943','7.15992e-07','0','0','0','-0.00211773','-0.00313565','0.000122385','-3.54759e-05','-0.000115879','9.29073e-05','-0.000585943','0.0330412','-3.89911e-06','0','0','0','2.63716e-06','2.51632e-07','2.68809e-06','-6.76516e-09','1.6009e-07','-1.29434e-07','7.15992e-07','-3.89911e-06','1.73138e-07','0','0','0','0','0','0','0','0','0','0','0','0','0','0','0','0','0','0','0','0','0','0','0','0','0','0','0','0','0','0','0','0','0','0','0','0','0','0','0']

reports.append(Report(576487424, ("DT", -2, 1, 7), "MBwhAst1sec07"))
reports[-1].posNum = 40
reports[-1].negNum = 0
reports[-1].fittype = "6DOF"
reports[-1].add_parameters(ValErr(0.11092, 0.10403, 0), \
                           ValErr(0.517765, 1.0119, 0), \
                           ValErr(-0.418611, 0.821628, 0), \
                           ValErr(0.00157272, 0.00293397, 0), \
                           ValErr(-0.0018162, 0.00154126, 0), \
                           ValErr(0.00140052, 0.00127758, 0), \
                           85.1004, 40, 40, -nan)
reports[-1].sigmax = ValErr(0.513318, 0.0579158, 0)
reports[-1].sigmay = ValErr(1.0283, 0.117188, 0)
reports[-1].sigmadxdz = ValErr(0.00319759, 0.000362683, 0)
reports[-1].sigmadydz = ValErr(0, 0, 0)
reports[-1].add_stats(0.141958, -0.0442408, -0.00010087, -0.00755896, 0.111127, -0.04387, -0.000326563, -0.00452393, 0.111127, -0.04387, -0.000326563, -0.00452393, 0.074873, 0.0257088, -2.21008e-05, -0.00600876, 0.074873, 0.0257088, -2.21008e-05, -0.00600876, 0.525841, 1.03404, 0.00316932, 0.0289719, 0.525841, 1.03404, 0.00316932, 0.0289719)
reports[-1].CovMatrix = ['0.0108222','0.0579376','-0.0482945','5.52556e-05','4.39632e-05','-3.43777e-05','-0.000224266','0.000120577','1.06134e-06','0','0','0','0.0579376','1.02395','-0.819248','0.000985115','1.10121e-05','5.49566e-05','-0.00623938','0.00602097','2.05048e-05','0','0','0','-0.0482945','-0.819248','0.675072','-0.000695615','-3.62751e-05','-1.44033e-05','0.00506136','-0.00557893','-1.44231e-05','0','0','0','5.52556e-05','0.000985115','-0.000695615','8.60819e-06','5.54216e-07','1.57004e-07','-3.25982e-06','-5.04988e-05','1.79044e-07','0','0','0','4.39632e-05','1.10121e-05','-3.62751e-05','5.54216e-07','2.37548e-06','-1.83816e-06','6.8914e-06','-1.65188e-05','8.66491e-09','0','0','0','-3.43777e-05','5.49566e-05','-1.44033e-05','1.57004e-07','-1.83816e-06','1.63222e-06','-6.166e-06','9.98104e-06','7.40721e-09','0','0','0','-0.000224266','-0.00623938','0.00506136','-3.25982e-06','6.8914e-06','-6.166e-06','0.00335501','-9.68422e-05','-8.20087e-08','0','0','0','0.000120577','0.00602097','-0.00557893','-5.04988e-05','-1.65188e-05','9.98104e-06','-9.68422e-05','0.0137399','-1.02943e-06','0','0','0','1.06134e-06','2.05048e-05','-1.44231e-05','1.79044e-07','8.66491e-09','7.40721e-09','-8.20087e-08','-1.02943e-06','1.31558e-07','0','0','0','0','0','0','0','0','0','0','0','0','0','0','0','0','0','0','0','0','0','0','0','0','0','0','0','0','0','0','0','0','0','0','0','0','0','0','0']

reports.append(Report(576749568, ("DT", -2, 1, 8), "MBwhAst1sec08"))
reports[-1].posNum = 36
reports[-1].negNum = 0
reports[-1].fittype = "6DOF"
reports[-1].add_parameters(ValErr(-0.205868, 0.110557, 0), \
                           ValErr(-0.860185, 0.939281, 0), \
                           ValErr(0.626694, 0.759954, 0), \
                           ValErr(-0.000194531, 0.00227932, 0), \
                           ValErr(0.000734281, 0.00128576, 0), \
                           ValErr(-0.000126818, 0.00107397, 0), \
                           81.5367, 36, 36, -nan)
reports[-1].sigmax = ValErr(0.545233, 0.0644659, 0)
reports[-1].sigmay = ValErr(0.941849, 0.111391, 0)
reports[-1].sigmadxdz = ValErr(0.00286479, 0.000337751, 0)
reports[-1].sigmadydz = ValErr(0, 0, 0)
reports[-1].add_stats(-0.251092, -0.0868841, 0.00090528, -0.00977507, -0.161423, -0.0993984, 0.000598317, -0.00519916, -0.161423, -0.0993984, 0.000598317, -0.00519916, -0.160244, -0.154689, 0.000619246, -0.0026885, -0.160244, -0.154689, 0.000619246, -0.0026885, 0.550188, 0.94497, 0.00286519, 0.0216846, 0.550188, 0.94497, 0.00286519, 0.0216846)
reports[-1].CovMatrix = ['0.0122228','0.0550337','-0.0452853','4.81595e-05','2.62542e-05','-1.87023e-05','0.000102344','6.98287e-05','-2.03307e-07','0','0','0','0.0550337','0.882249','-0.703616','0.000799613','2.54669e-06','5.75207e-05','0.00125599','-0.000264629','-3.66052e-06','0','0','0','-0.0452853','-0.703616','0.57753','-0.000616698','-8.37739e-06','-3.88571e-05','-0.00103127','0.000213045','2.93964e-06','0','0','0','4.81595e-05','0.000799613','-0.000616698','5.1953e-06','1.38147e-07','3.02973e-07','8.48083e-07','-4.14526e-07','-8.85308e-09','0','0','0','2.62542e-05','2.54669e-06','-8.37739e-06','1.38147e-07','1.65318e-06','-1.26947e-06','1.32077e-06','-1.47662e-07','-1.11934e-09','0','0','0','-1.87023e-05','5.75207e-05','-3.88571e-05','3.02973e-07','-1.26947e-06','1.15342e-06','-1.37936e-06','-5.90706e-08','2.33777e-09','0','0','0','0.000102344','0.00125599','-0.00103127','8.48083e-07','1.32077e-06','-1.37936e-06','0.00415697','1.78276e-05','-1.74343e-08','0','0','0','6.98287e-05','-0.000264629','0.000213045','-4.14526e-07','-1.47662e-07','-5.90706e-08','1.78276e-05','0.0124141','-1.27017e-07','0','0','0','-2.03307e-07','-3.66052e-06','2.93964e-06','-8.85308e-09','-1.11934e-09','2.33777e-09','-1.74343e-08','-1.27017e-07','1.14091e-07','0','0','0','0','0','0','0','0','0','0','0','0','0','0','0','0','0','0','0','0','0','0','0','0','0','0','0','0','0','0','0','0','0','0','0','0','0','0','0']

reports.append(Report(577011712, ("DT", -2, 1, 9), "MBwhAst1sec09"))
reports[-1].posNum = 19
reports[-1].negNum = 0
reports[-1].fittype = "6DOF"
reports[-1].add_parameters(ValErr(0.207658, 0.140266, 0), \
                           ValErr(2.66536, 0.97749, 0), \
                           ValErr(-2.20666, 0.790119, 0), \
                           ValErr(-0.00205906, 0.00215961, 0), \
                           ValErr(0.00184093, 0.00108921, 0), \
                           ValErr(-0.00149212, 0.000909801, 0), \
                           57.0889, 19, 19, -nan)
reports[-1].sigmax = ValErr(0.449835, 0.072991, 0)
reports[-1].sigmay = ValErr(0.525791, 0.0854577, 0)
reports[-1].sigmadxdz = ValErr(0.00296755, 0.000483131, 0)
reports[-1].sigmadydz = ValErr(0, 0, 0)
reports[-1].add_stats(-0.154531, -0.178861, 0.000150273, 0.0127561, -0.0746313, -0.116015, 0.000351116, 0.000578551, -0.0746313, -0.116015, 0.000351116, 0.000578551, -0.0458301, -0.0642896, 0.000142722, 0.00297237, -0.0458301, -0.0642896, 0.000142722, 0.00297237, 0.53429, 0.685811, 0.00304973, 0.0365351, 0.53429, 0.685811, 0.00304973, 0.0365351)
reports[-1].CovMatrix = ['0.0196745','0.0918875','-0.0746622','0.000120863','1.27028e-05','4.27273e-06','-0.000102334','-0.000250229','2.18994e-06','0','0','0','0.0918875','0.955487','-0.766104','0.00122033','5.05498e-05','9.76268e-05','-0.00124871','-0.00248996','2.28529e-05','0','0','0','-0.0746622','-0.766104','0.624287','-0.00100206','-1.8146e-05','-9.88458e-05','0.00106308','0.00205548','-1.90272e-05','0','0','0','0.000120863','0.00122033','-0.00100206','4.66393e-06','2.87409e-07','3.29516e-07','-2.55419e-06','-1.20667e-05','8.68213e-08','0','0','0','1.27028e-05','5.05498e-05','-1.8146e-05','2.87409e-07','1.18637e-06','-7.71862e-07','1.69097e-06','-9.59911e-07','-5.34131e-09','0','0','0','4.27273e-06','9.76268e-05','-9.88458e-05','3.29516e-07','-7.71862e-07','8.27738e-07','-2.09006e-06','-6.85213e-07','1.7904e-08','0','0','0','-0.000102334','-0.00124871','0.00106308','-2.55419e-06','1.69097e-06','-2.09006e-06','0.00532989','5.63207e-06','-7.55606e-08','0','0','0','-0.000250229','-0.00248996','0.00205548','-1.20667e-05','-9.59911e-07','-6.85213e-07','5.63207e-06','0.00730659','-2.22298e-07','0','0','0','2.18994e-06','2.28529e-05','-1.90272e-05','8.68213e-08','-5.34131e-09','1.7904e-08','-7.55606e-08','-2.22298e-07','2.33479e-07','0','0','0','0','0','0','0','0','0','0','0','0','0','0','0','0','0','0','0','0','0','0','0','0','0','0','0','0','0','0','0','0','0','0','0','0','0','0','0']

reports.append(Report(577273856, ("DT", -2, 1, 10), "MBwhAst1sec10"))
reports[-1].posNum = 16
reports[-1].negNum = 0
reports[-1].fittype = "6DOF"
reports[-1].add_parameters(ValErr(0.0840854, 0.123696, 0), \
                           ValErr(-0.337804, 1.00507, 0), \
                           ValErr(-0.109626, 0.802737, 0), \
                           ValErr(0.00122318, 0.00325712, 0), \
                           ValErr(-0.000158806, 0.00187949, 0), \
                           ValErr(0.000324016, 0.00149603, 0), \
                           44.1242, 16, 16, -nan)
reports[-1].sigmax = ValErr(0.385975, 0.0697675, 0)
reports[-1].sigmay = ValErr(1.01858, 0.189208, 0)
reports[-1].sigmadxdz = ValErr(0.0022859, 0.000424873, 0)
reports[-1].sigmadydz = ValErr(0, 0, 0)
reports[-1].add_stats(0.073898, -0.512834, 0.000301205, -0.00432403, 0.0823779, -0.484343, 3.25521e-05, -0.0108908, 0.0823779, -0.484343, 3.25521e-05, -0.0108908, 0.139932, -0.642474, -9.37425e-05, -0.0130966, 0.139932, -0.642474, -9.37425e-05, -0.0130966, 0.392593, 1.02491, 0.00224968, 0.0258669, 0.392593, 1.02491, 0.00224968, 0.0258669)
reports[-1].CovMatrix = ['0.0153006','0.0694103','-0.0577721','5.39153e-05','7.64795e-05','-6.13185e-05','2.8972e-05','-0.00139433','3.01432e-06','0','0','0','0.0694103','1.01017','-0.780057','0.000921993','0.000371573','-0.000253667','-0.00502077','-0.00389959','3.89124e-05','0','0','0','-0.0577721','-0.780057','0.644387','-0.000689287','-0.000318759','0.000226417','0.0038449','0.00293138','-2.96191e-05','0','0','0','5.39153e-05','0.000921993','-0.000689287','1.06088e-05','1.88731e-06','-5.66311e-07','-2.28758e-05','-0.000125538','4.19576e-07','0','0','0','7.64795e-05','0.000371573','-0.000318759','1.88731e-06','3.53249e-06','-2.62634e-06','1.66135e-05','-9.70678e-05','1.20139e-07','0','0','0','-6.13185e-05','-0.000253667','0.000226417','-5.66311e-07','-2.62634e-06','2.2381e-06','-1.62397e-05','6.75784e-05','-5.56845e-08','0','0','0','2.8972e-05','-0.00502077','0.0038449','-2.28758e-05','1.66135e-05','-1.62397e-05','0.00486963','-0.000288695','-6.24376e-07','0','0','0','-0.00139433','-0.00389959','0.00293138','-0.000125538','-9.70678e-05','6.75784e-05','-0.000288695','0.0358463','-6.0057e-06','0','0','0','3.01432e-06','3.89124e-05','-2.96191e-05','4.19576e-07','1.20139e-07','-5.56845e-08','-6.24376e-07','-6.0057e-06','1.80565e-07','0','0','0','0','0','0','0','0','0','0','0','0','0','0','0','0','0','0','0','0','0','0','0','0','0','0','0','0','0','0','0','0','0','0','0','0','0','0','0']

reports.append(Report(577536000, ("DT", -2, 1, 11), "MBwhAst1sec11"))
reports[-1].posNum = 33
reports[-1].negNum = 0
reports[-1].fittype = "6DOF"
reports[-1].add_parameters(ValErr(-0.0570388, 0.112759, 0), \
                           ValErr(-0.899988, 0.938154, 0), \
                           ValErr(0.740166, 0.761715, 0), \
                           ValErr(0.00134766, 0.00190363, 0), \
                           ValErr(-0.000237114, 0.0011015, 0), \
                           ValErr(0.000675204, 0.000915588, 0), \
                           94.2566, 33, 33, -nan)
reports[-1].sigmax = ValErr(0.488226, 0.0603367, 0)
reports[-1].sigmay = ValErr(0.711899, 0.0884902, 0)
reports[-1].sigmadxdz = ValErr(0.00234309, 0.000289267, 0)
reports[-1].sigmadydz = ValErr(0, 0, 0)
reports[-1].add_stats(0.116692, -0.0907185, 0.000695619, 0.00720454, 0.0200484, -0.00437644, 0.000444927, -0.0019793, 0.0200484, -0.00437644, 0.000444927, -0.0019793, 0.0180447, 0.100751, 0.00049315, -0.00176428, 0.0180447, 0.100751, 0.00049315, -0.00176428, 0.500327, 0.728509, 0.00235182, 0.0281873, 0.500327, 0.728509, 0.00235182, 0.0281873)
reports[-1].CovMatrix = ['0.0127145','0.0678585','-0.0555336','7.95789e-05','1.48603e-05','-4.95823e-06','0.000236949','-7.90457e-05','-8.24196e-07','0','0','0','0.0678585','0.880134','-0.708318','0.00101293','1.32723e-05','8.43038e-05','0.00352613','-0.00264633','-7.78358e-06','0','0','0','-0.0555336','-0.708318','0.580209','-0.000821276','-6.55563e-06','-7.17574e-05','-0.0029113','0.00224849','6.24677e-06','0','0','0','7.95789e-05','0.00101293','-0.000821276','3.6238e-06','1.07208e-07','2.57806e-07','1.04293e-06','7.53325e-06','-2.87306e-08','0','0','0','1.48603e-05','1.32723e-05','-6.55563e-06','1.07208e-07','1.21331e-06','-9.22474e-07','-3.70101e-06','1.12094e-05','-1.90118e-08','0','0','0','-4.95823e-06','8.43038e-05','-7.17574e-05','2.57806e-07','-9.22474e-07','8.38301e-07','3.20853e-06','-8.45014e-06','1.24968e-08','0','0','0','0.000236949','0.00352613','-0.0029113','1.04293e-06','-3.70101e-06','3.20853e-06','0.00364147','-5.83501e-05','4.92121e-08','0','0','0','-7.90457e-05','-0.00264633','0.00224849','7.53325e-06','1.12094e-05','-8.45014e-06','-5.83501e-05','0.00783361','-2.27612e-07','0','0','0','-8.24196e-07','-7.78358e-06','6.24677e-06','-2.87306e-08','-1.90118e-08','1.24968e-08','4.92121e-08','-2.27612e-07','8.36858e-08','0','0','0','0','0','0','0','0','0','0','0','0','0','0','0','0','0','0','0','0','0','0','0','0','0','0','0','0','0','0','0','0','0','0','0','0','0','0','0']

reports.append(Report(577798144, ("DT", -2, 1, 12), "MBwhAst1sec12"))
reports[-1].posNum = 24
reports[-1].negNum = 0
reports[-1].fittype = "6DOF"
reports[-1].add_parameters(ValErr(-0.0115344, 0.111892, 0), \
                           ValErr(-0.492921, 1.0285, 0), \
                           ValErr(0.311386, 0.833978, 0), \
                           ValErr(0.00117076, 0.00271381, 0), \
                           ValErr(0.00130523, 0.00139925, 0), \
                           ValErr(-0.00113019, 0.00114141, 0), \
                           62.7303, 24, 24, -nan)
reports[-1].sigmax = ValErr(0.43883, 0.0636144, 0)
reports[-1].sigmay = ValErr(0.895557, 0.130869, 0)
reports[-1].sigmadxdz = ValErr(0.00264139, 0.000384043, 0)
reports[-1].sigmadydz = ValErr(0, 0, 0)
reports[-1].add_stats(0.00866032, -0.197012, 0.00036612, -0.00286393, -0.0116659, -0.120328, -0.000183472, 0.00320836, -0.0116659, -0.120328, -0.000183472, 0.00320836, -0.0148562, -0.170826, -0.000103802, 0.00878691, -0.0148562, -0.170826, -0.000103802, 0.00878691, 0.437635, 0.922709, 0.00264788, 0.0270702, 0.437635, 0.922709, 0.00264788, 0.0270702)
reports[-1].CovMatrix = ['0.0125198','0.0631439','-0.0523359','6.62481e-05','3.78872e-05','-2.80237e-05','-6.41731e-05','-4.71322e-05','5.76772e-07','0','0','0','0.0631439','1.05782','-0.843611','0.00112853','9.30069e-05','-2.61033e-06','-0.00247208','-0.000625502','1.71666e-05','0','0','0','-0.0523359','-0.843611','0.69552','-0.000866717','-8.75968e-05','1.63024e-05','0.00208935','2.7292e-05','-1.29572e-05','0','0','0','6.62481e-05','0.00112853','-0.000866717','7.36475e-06','6.68797e-07','3.00101e-08','6.68432e-06','-5.17451e-05','1.14196e-07','0','0','0','3.78872e-05','9.30069e-05','-8.75968e-05','6.68797e-07','1.9579e-06','-1.45202e-06','4.9012e-06','-6.63636e-06','-9.59835e-09','0','0','0','-2.80237e-05','-2.61033e-06','1.63024e-05','3.00101e-08','-1.45202e-06','1.30282e-06','-4.21216e-06','1.35184e-06','2.13617e-08','0','0','0','-6.41731e-05','-0.00247208','0.00208935','6.68432e-06','4.9012e-06','-4.21216e-06','0.00404809','-8.21137e-05','3.0208e-08','0','0','0','-4.71322e-05','-0.000625502','2.7292e-05','-5.17451e-05','-6.63636e-06','1.35184e-06','-8.21137e-05','0.0171387','-7.79655e-07','0','0','0','5.76772e-07','1.71666e-05','-1.29572e-05','1.14196e-07','-9.59835e-09','2.13617e-08','3.0208e-08','-7.79655e-07','1.47517e-07','0','0','0','0','0','0','0','0','0','0','0','0','0','0','0','0','0','0','0','0','0','0','0','0','0','0','0','0','0','0','0','0','0','0','0','0','0','0','0']

reports.append(Report(579108864, ("DT", -2, 2, 1), "MBwhAst2sec01"))
reports[-1].posNum = 34
reports[-1].negNum = 0
reports[-1].fittype = "6DOF"
reports[-1].add_parameters(ValErr(-0.194837, 0.136082, 0), \
                           ValErr(1.80724, 1.12874, 0), \
                           ValErr(-1.25824, 1.08015, 0), \
                           ValErr(0.00149546, 0.00260316, 0), \
                           ValErr(-0.0019896, 0.00134234, 0), \
                           ValErr(0.0024155, 0.00129404, 0), \
                           67.5787, 34, 34, -nan)
reports[-1].sigmax = ValErr(0.78593, 0.0952483, 0)
reports[-1].sigmay = ValErr(1.01336, 0.124094, 0)
reports[-1].sigmadxdz = ValErr(0.00243748, 0.000291614, 0)
reports[-1].sigmadydz = ValErr(0, 0, 0)
reports[-1].add_stats(-0.0647784, 0.351978, 0.000661164, -0.00693902, -0.158655, 0.576874, 0.000502176, -0.00642422, -0.158655, 0.576874, 0.000502176, -0.00642422, 0.0337819, 0.630271, 0.00015693, -0.00530697, 0.0337819, 0.630271, 0.00015693, -0.00530697, 0.785064, 1.05776, 0.00248993, 0.0220323, 0.785064, 1.05776, 0.00248993, 0.0220323)
reports[-1].CovMatrix = ['0.0185182','-0.0117498','0.0118432','-7.5701e-06','1.88463e-05','-1.87515e-05','-0.000218997','9.45298e-05','7.03515e-07','0','0','0','-0.0117498','1.27406','-1.20371','0.00121357','4.40886e-05','-5.98923e-05','0.00343808','-0.00543855','-1.41196e-05','0','0','0','0.0118432','-1.20371','1.16672','-0.00118118','8.44697e-06','9.43372e-06','-0.00369421','0.00553395','1.43471e-05','0','0','0','-7.5701e-06','0.00121357','-0.00118118','6.77642e-06','-3.81008e-08','-4.19891e-08','-2.13472e-06','2.67756e-05','-7.96348e-08','0','0','0','1.88463e-05','4.40886e-05','8.44697e-06','-3.81008e-08','1.80188e-06','-1.65515e-06','-1.09419e-05','8.24596e-06','1.39246e-08','0','0','0','-1.87515e-05','-5.98923e-05','9.43372e-06','-4.19891e-08','-1.65515e-06','1.67455e-06','1.06704e-05','-8.69393e-06','-1.01061e-08','0','0','0','-0.000218997','0.00343808','-0.00369421','-2.13472e-06','-1.09419e-05','1.06704e-05','0.00907604','-0.000188621','-1.10821e-07','0','0','0','9.45298e-05','-0.00543855','0.00553395','2.67756e-05','8.24596e-06','-8.69393e-06','-0.000188621','0.0154079','-2.29049e-07','0','0','0','7.03515e-07','-1.41196e-05','1.43471e-05','-7.96348e-08','1.39246e-08','-1.01061e-08','-1.10821e-07','-2.29049e-07','8.50488e-08','0','0','0','0','0','0','0','0','0','0','0','0','0','0','0','0','0','0','0','0','0','0','0','0','0','0','0','0','0','0','0','0','0','0','0','0','0','0','0']

reports.append(Report(579371008, ("DT", -2, 2, 2), "MBwhAst2sec02"))
reports[-1].posNum = 34
reports[-1].negNum = 0
reports[-1].fittype = "6DOF"
reports[-1].add_parameters(ValErr(-0.107217, 0.162168, 0), \
                           ValErr(0.814742, 1.82116, 0), \
                           ValErr(-0.650514, 1.748, 0), \
                           ValErr(-0.00246909, 0.00465199, 0), \
                           ValErr(0.00154595, 0.00193514, 0), \
                           ValErr(-0.000746841, 0.0018553, 0), \
                           40.0243, 34, 34, -nan)
reports[-1].sigmax = ValErr(0.9357, 0.114249, 0)
reports[-1].sigmay = ValErr(1.21006, 0.147488, 0)
reports[-1].sigmadxdz = ValErr(0.00385569, 0.000471639, 0)
reports[-1].sigmadydz = ValErr(0, 0, 0)
reports[-1].add_stats(0.0203137, -0.0686866, 0.00131486, 0.00762006, -0.1086, 0.0947657, 0.000738556, 0.0014931, -0.1086, 0.0947657, 0.000738556, 0.0014931, 0.0387159, 0.247527, 0.00053068, 0.00212252, 0.0387159, 0.247527, 0.00053068, 0.00212252, 0.932496, 1.24929, 0.00382841, 0.02252, 0.932496, 1.24929, 0.00382841, 0.02252)
reports[-1].CovMatrix = ['0.0262983','-0.039224','0.0383354','-6.65465e-05','1.11874e-05','-9.0456e-06','-0.000214642','1.18363e-05','8.84885e-07','0','0','0','-0.039224','3.31662','-3.16109','0.00447402','0.000285859','-0.000341447','0.0216045','-0.00909832','-5.98109e-05','0','0','0','0.0383354','-3.16109','3.05551','-0.0043401','-0.000174519','0.000233406','-0.0205708','0.0083615','5.79604e-05','0','0','0','-6.65465e-05','0.00447402','-0.0043401','2.1641e-05','1.51646e-06','-1.65684e-06','4.11807e-05','3.76385e-05','-2.88466e-07','0','0','0','1.11874e-05','0.000285859','-0.000174519','1.51646e-06','3.74478e-06','-3.38195e-06','1.29535e-05','-1.01062e-05','-2.08576e-08','0','0','0','-9.0456e-06','-0.000341447','0.000233406','-1.65684e-06','-3.38195e-06','3.44214e-06','-1.35312e-05','9.42789e-06','2.55598e-08','0','0','0','-0.000214642','0.0216045','-0.0205708','4.11807e-05','1.29535e-05','-1.35312e-05','0.0130596','-6.11204e-05','-5.60826e-07','0','0','0','1.18363e-05','-0.00909832','0.0083615','3.76385e-05','-1.01062e-05','9.42789e-06','-6.11204e-05','0.0217676','-4.92877e-07','0','0','0','8.84885e-07','-5.98109e-05','5.79604e-05','-2.88466e-07','-2.08576e-08','2.55598e-08','-5.60826e-07','-4.92877e-07','2.22488e-07','0','0','0','0','0','0','0','0','0','0','0','0','0','0','0','0','0','0','0','0','0','0','0','0','0','0','0','0','0','0','0','0','0','0','0','0','0','0','0']

reports.append(Report(579633152, ("DT", -2, 2, 3), "MBwhAst2sec03"))
reports[-1].posNum = 30
reports[-1].negNum = 0
reports[-1].fittype = "6DOF"
reports[-1].add_parameters(ValErr(-0.206436, 0.177077, 0), \
                           ValErr(0.407597, 1.17509, 0), \
                           ValErr(-0.80168, 1.14053, 0), \
                           ValErr(0.000220827, 0.00299006, 0), \
                           ValErr(-0.00136242, 0.00148554, 0), \
                           ValErr(0.00154717, 0.00148057, 0), \
                           49.2737, 30, 30, -nan)
reports[-1].sigmax = ValErr(0.879056, 0.114243, 0)
reports[-1].sigmay = ValErr(1.18339, 0.15623, 0)
reports[-1].sigmadxdz = ValErr(0.00263578, 0.000343871, 0)
reports[-1].sigmadydz = ValErr(0, 0, 0)
reports[-1].add_stats(-0.0558348, -0.658326, 4.66978e-05, -0.00194138, -0.120876, -0.422527, 0.000147339, -0.00140124, -0.120876, -0.422527, 0.000147339, -0.00140124, 0.0201678, -0.285874, -0.000333039, -0.00200276, 0.0201678, -0.285874, -0.000333039, -0.00200276, 0.891032, 1.18508, 0.00266673, 0.0154766, 0.891032, 1.18508, 0.00266673, 0.0154766)
