nan = None;  NAN = None
nan = 0
reports = []
class ValErr:
    def __init__(self, value, error, antisym):
        self.value, self.error, self.antisym = value, error, antisym

    def __repr__(self):
        if self.antisym == 0.:
            return "%g +- %g" % (self.value, self.error)
        else:
            return "%g +- %g ~ %g" % (self.value, self.error, self.antisym)

class Report:
    def __init__(self, chamberId, postal_address, name):
        self.chamberId, self.postal_address, self.name = chamberId, postal_address, name
        self.status = "NOFIT"
        self.fittype = None
        self.CovMatrix = None

    def add_parameters(self, deltax, deltay, deltaz, deltaphix, deltaphiy, deltaphiz, loglikelihood, numsegments, sumofweights, redchi2):
        self.status = "PASS"
        self.deltax, self.deltay, self.deltaz, self.deltaphix, self.deltaphiy, self.deltaphiz = deltax, deltay, deltaz, deltaphix, deltaphiy, deltaphiz
        self.loglikelihood, self.numsegments, self.sumofweights, self.redchi2 = loglikelihood, numsegments, sumofweights, redchi2

    def add_stats(self, median_x, median_y, median_dxdz, median_dydz, mean30_x, mean30_y, mean20_dxdz, mean50_dydz, mean15_x, mean15_y, mean10_dxdz, mean25_dydz, wmean30_x, wmean30_y, wmean20_dxdz, wmean50_dydz, wmean15_x, wmean15_y, wmean10_dxdz, wmean25_dydz, stdev30_x, stdev30_y, stdev20_dxdz, stdev50_dydz, stdev15_x, stdev15_y, stdev10_dxdz, stdev25_dydz):
        self.median_x, self.median_y, self.median_dxdz, self.median_dydz, self.mean30_x, self.mean30_y, self.mean20_dxdz, self.mean50_dydz, self.mean15_x, self.mean15_y, self.mean10_dxdz, self.mean25_dydz, self.wmean30_x, self.wmean30_y, self.wmean20_dxdz, self.wmean50_dydz, self.wmean15_x, self.wmean15_y, self.wmean10_dxdz, self.wmean25_dydz, self.stdev30_x, self.stdev30_y, self.stdev20_dxdz, self.stdev50_dydz, self.stdev15_x, self.stdev15_y, self.stdev10_dxdz, self.stdev25_dydz = median_x, median_y, median_dxdz, median_dydz, mean30_x, mean30_y, mean20_dxdz, mean50_dydz, mean15_x, mean15_y, mean10_dxdz, mean25_dydz, wmean30_x, wmean30_y, wmean20_dxdz, wmean50_dydz, wmean15_x, wmean15_y, wmean10_dxdz, wmean25_dydz, stdev30_x, stdev30_y, stdev20_dxdz, stdev50_dydz, stdev15_x, stdev15_y, stdev10_dxdz, stdev25_dydz

    def __repr__(self):
        return "<Report %s %s %s>" % (self.postal_address[0], " ".join(map(str, self.postal_address[1:])), self.status)

reports.append(Report(574914560, ("DT", -2, 1, 1), "MBwhAst1sec01"))
reports[-1].posNum = 1266
reports[-1].negNum = 0
reports[-1].fittype = "6DOF"
reports[-1].add_parameters(ValErr(-0.0132675, 0.0188723, 0), \
                           ValErr(0.0999774, 0.162814, 0), \
                           ValErr(-0.0825202, 0.131555, 0), \
                           ValErr(0.000268592, 0.000377637, 0), \
                           ValErr(-0.000113737, 0.000227591, 0), \
                           ValErr(0.000144291, 0.00018934, 0), \
                           2982.08, 1266, 1266, -nan)
reports[-1].sigmax = ValErr(0.537497, 0.0106826, 0)
reports[-1].sigmay = ValErr(0.974908, 0.0193772, 0)
reports[-1].sigmadxdz = ValErr(0.00256424, 5.09703e-05, 0)
reports[-1].sigmadydz = ValErr(0, 0, 0)
reports[-1].add_stats(-0.023282, 0.00137313, -1.30169e-05, -0.00288264, -0.0182396, -0.00319873, 2.74039e-05, -0.00185177, -0.0182396, -0.00319873, 2.74039e-05, -0.00185177, -0.0288779, -0.0244511, 2.36849e-05, -0.00183731, -0.0288779, -0.0244511, 2.36849e-05, -0.00183731, 0.53767, 0.975039, 0.00256421, 0.0300993, 0.53767, 0.975039, 0.00256421, 0.0300993)
reports[-1].CovMatrix = ['0.000356164','0.00174001','-0.00143018','1.54468e-06','6.32677e-07','-4.08725e-07','-1.29402e-06','8.08363e-07','5.17833e-09','0','0','0','0.00174001','0.0265086','-0.0211086','2.27126e-05','-1.23269e-06','2.87081e-06','-1.94482e-05','1.76448e-05','5.5483e-08','0','0','0','-0.00143018','-0.0211086','0.0173066','-1.77414e-05','7.47818e-07','-2.06465e-06','1.59303e-05','-1.47169e-05','-4.37605e-08','0','0','0','1.54468e-06','2.27126e-05','-1.77414e-05','1.4261e-07','4.38156e-09','8.30904e-09','-2.39544e-08','-8.64671e-08','3.72067e-10','0','0','0','6.32677e-07','-1.23269e-06','7.47818e-07','4.38156e-09','5.17978e-08','-4.04067e-08','-6.13042e-09','-3.02399e-08','1.12313e-10','0','0','0','-4.08725e-07','2.87081e-06','-2.06465e-06','8.30904e-09','-4.04067e-08','3.58495e-08','3.25226e-09','1.69579e-08','-5.82107e-11','0','0','0','-1.29402e-06','-1.94482e-05','1.59303e-05','-2.39544e-08','-6.13042e-09','3.25226e-09','0.000114119','-4.08706e-09','-7.30889e-11','0','0','0','8.08363e-07','1.76448e-05','-1.47169e-05','-8.64671e-08','-3.02399e-08','1.69579e-08','-4.08706e-09','0.000375481','-2.79494e-10','0','0','0','5.17833e-09','5.5483e-08','-4.37605e-08','3.72067e-10','1.12313e-10','-5.82107e-11','-7.30889e-11','-2.79494e-10','2.59798e-09','0','0','0','0','0','0','0','0','0','0','0','0','0','0','0','0','0','0','0','0','0','0','0','0','0','0','0','0','0','0','0','0','0','0','0','0','0','0','0']

reports.append(Report(575176704, ("DT", -2, 1, 2), "MBwhAst1sec02"))
reports[-1].posNum = 1263
reports[-1].negNum = 0
reports[-1].fittype = "6DOF"
reports[-1].add_parameters(ValErr(0.011716, 0.0186638, 0), \
                           ValErr(0.0201318, 0.161473, 0), \
                           ValErr(-0.0646957, 0.13053, 0), \
                           ValErr(0.000106427, 0.000379008, 0), \
                           ValErr(-0.000439567, 0.000228162, 0), \
                           ValErr(0.00033978, 0.000189244, 0), \
                           2951.07, 1263, 1263, -nan)
reports[-1].sigmax = ValErr(0.542467, 0.0107959, 0)
reports[-1].sigmay = ValErr(0.970888, 0.0193264, 0)
reports[-1].sigmadxdz = ValErr(0.00260014, 5.17719e-05, 0)
reports[-1].sigmadydz = ValErr(0, 0, 0)
reports[-1].add_stats(0.0246935, -0.0363574, -1.03717e-05, -0.00249775, 0.0125233, -0.0634431, -4.91486e-05, -0.00083646, 0.0125233, -0.0634431, -4.91486e-05, -0.00083646, 0.0106813, -0.0650598, -1.60442e-05, -0.000795818, 0.0106813, -0.0650598, -1.60442e-05, -0.000795818, 0.542657, 0.97171, 0.00260073, 0.0292358, 0.542657, 0.97171, 0.00260073, 0.0292358)
reports[-1].CovMatrix = ['0.000348336','0.00162345','-0.00133754','1.42461e-06','7.02235e-07','-4.86031e-07','-2.36966e-06','1.46009e-06','8.51038e-09','0','0','0','0.00162345','0.0260737','-0.0207669','2.22989e-05','-6.64809e-07','2.24074e-06','-3.31013e-05','2.18333e-05','1.08665e-07','0','0','0','-0.00133754','-0.0207669','0.0170382','-1.73571e-05','1.68617e-07','-1.45352e-06','2.72488e-05','-1.9126e-05','-8.53105e-08','0','0','0','1.42461e-06','2.22989e-05','-1.73571e-05','1.43647e-07','6.42437e-09','6.1744e-09','-4.25595e-08','-1.8195e-07','7.21172e-10','0','0','0','7.02235e-07','-6.64809e-07','1.68617e-07','6.42437e-09','5.20577e-08','-4.04738e-08','-2.41048e-08','-6.32107e-09','1.36005e-10','0','0','0','-4.86031e-07','2.24074e-06','-1.45352e-06','6.1744e-09','-4.04738e-08','3.58133e-08','1.728e-08','-9.10455e-09','-5.67734e-11','0','0','0','-2.36966e-06','-3.31013e-05','2.72488e-05','-4.25595e-08','-2.41048e-08','1.728e-08','0.000116552','-8.82328e-09','-2.61034e-10','0','0','0','1.46009e-06','2.18333e-05','-1.9126e-05','-1.8195e-07','-6.32107e-09','-9.10455e-09','-8.82328e-09','0.000373517','-9.10089e-10','0','0','0','8.51038e-09','1.08665e-07','-8.53105e-08','7.21172e-10','1.36005e-10','-5.67734e-11','-2.61034e-10','-9.10089e-10','2.68034e-09','0','0','0','0','0','0','0','0','0','0','0','0','0','0','0','0','0','0','0','0','0','0','0','0','0','0','0','0','0','0','0','0','0','0','0','0','0','0','0']

reports.append(Report(575438848, ("DT", -2, 1, 3), "MBwhAst1sec03"))
reports[-1].posNum = 1285
reports[-1].negNum = 0
reports[-1].fittype = "6DOF"
reports[-1].add_parameters(ValErr(-0.0291065, 0.0179621, 0), \
                           ValErr(-0.151036, 0.157054, 0), \
                           ValErr(0.0905035, 0.126729, 0), \
                           ValErr(0.000253863, 0.000375011, 0), \
                           ValErr(0.000208802, 0.000227332, 0), \
                           ValErr(-7.79153e-05, 0.000189132, 0), \
                           3007.56, 1285, 1285, -nan)
reports[-1].sigmax = ValErr(0.534656, 0.0105475, 0)
reports[-1].sigmay = ValErr(1.00433, 0.0198177, 0)
reports[-1].sigmadxdz = ValErr(0.00254019, 5.01107e-05, 0)
reports[-1].sigmadydz = ValErr(0, 0, 0)
reports[-1].add_stats(-0.0232697, -0.061296, 6.86936e-05, -0.00386379, -0.024413, -0.0418484, 0.000104251, -0.00203775, -0.024413, -0.0418484, 0.000104251, -0.00203775, -0.0274621, -0.0341741, 8.98946e-05, -0.00200698, -0.0274621, -0.0341741, 8.98946e-05, -0.00200698, 0.534798, 1.00442, 0.00254067, 0.0288262, 0.534798, 1.00442, 0.00254067, 0.0288262)
reports[-1].CovMatrix = ['0.000322636','0.00145093','-0.00119823','1.19073e-06','6.78064e-07','-4.86812e-07','-2.90306e-07','1.52423e-06','-1.52575e-09','0','0','0','0.00145093','0.024666','-0.0195751','1.94712e-05','-1.48484e-06','2.65389e-06','1.78179e-06','-3.82838e-06','8.56645e-09','0','0','0','-0.00119823','-0.0195751','0.0160604','-1.49602e-05','6.76972e-07','-1.65596e-06','-1.01926e-06','2.04411e-06','-5.33923e-09','0','0','0','1.19073e-06','1.94712e-05','-1.49602e-05','1.40633e-07','4.26126e-09','7.11894e-09','8.87167e-09','-1.42724e-08','2.14978e-11','0','0','0','6.78064e-07','-1.48484e-06','6.76972e-07','4.26126e-09','5.16799e-08','-4.04911e-08','-3.20294e-08','1.16178e-07','-1.38762e-10','0','0','0','-4.86812e-07','2.65389e-06','-1.65596e-06','7.11894e-09','-4.04911e-08','3.57709e-08','2.86015e-08','-9.60382e-08','1.08864e-10','0','0','0','-2.90306e-07','1.78179e-06','-1.01926e-06','8.87167e-09','-3.20294e-08','2.86015e-08','0.000111251','-7.6673e-08','8.68292e-11','0','0','0','1.52423e-06','-3.82838e-06','2.04411e-06','-1.42724e-08','1.16178e-07','-9.60382e-08','-7.6673e-08','0.000392747','-3.15255e-10','0','0','0','-1.52575e-09','8.56645e-09','-5.33923e-09','2.14978e-11','-1.38762e-10','1.08864e-10','8.68292e-11','-3.15255e-10','2.51109e-09','0','0','0','0','0','0','0','0','0','0','0','0','0','0','0','0','0','0','0','0','0','0','0','0','0','0','0','0','0','0','0','0','0','0','0','0','0','0','0']

reports.append(Report(575700992, ("DT", -2, 1, 4), "MBwhAst1sec04"))
reports[-1].posNum = 1247
reports[-1].negNum = 0
reports[-1].fittype = "6DOF"
reports[-1].add_parameters(ValErr(0.0489852, 0.0184361, 0), \
                           ValErr(0.141454, 0.161393, 0), \
                           ValErr(-0.117735, 0.130283, 0), \
                           ValErr(0.00013798, 0.000382033, 0), \
                           ValErr(-8.71193e-06, 0.000229772, 0), \
                           ValErr(-0.000121294, 0.000190654, 0), \
                           2934.05, 1247, 1247, -nan)
reports[-1].sigmax = ValErr(0.530201, 0.0106225, 0)
reports[-1].sigmay = ValErr(0.990314, 0.01986, 0)
reports[-1].sigmadxdz = ValErr(0.00256585, 5.14032e-05, 0)
reports[-1].sigmadydz = ValErr(0, 0, 0)
reports[-1].add_stats(0.033309, -0.0267535, -0.000108622, -0.0025071, 0.0382343, -0.00167961, -0.000148181, -0.000963644, 0.0382343, -0.00167961, -0.000148181, -0.000963644, 0.0278513, 0.00500432, -5.11512e-05, -0.00113359, 0.0278513, 0.00500432, -5.11512e-05, -0.00113359, 0.530741, 0.990031, 0.00256632, 0.0289171, 0.530741, 0.990031, 0.00256632, 0.0289171)
reports[-1].CovMatrix = ['0.000339889','0.00161998','-0.00133362','1.40363e-06','6.71988e-07','-4.58698e-07','-1.79835e-06','3.69053e-06','1.96504e-10','0','0','0','0.00161998','0.0260477','-0.020701','2.19139e-05','-8.752e-07','2.40303e-06','-1.32144e-05','3.47081e-06','6.33372e-08','0','0','0','-0.00133362','-0.020701','0.0169736','-1.70822e-05','3.30742e-07','-1.58283e-06','1.12669e-05','-4.97028e-06','-4.74924e-08','0','0','0','1.40363e-06','2.19139e-05','-1.70822e-05','1.45949e-07','4.93488e-09','7.55054e-09','-3.59342e-08','-6.15099e-08','3.62974e-10','0','0','0','6.71988e-07','-8.752e-07','3.30742e-07','4.93488e-09','5.27954e-08','-4.11296e-08','-7.20659e-08','2.42177e-07','-2.7536e-10','0','0','0','-4.58698e-07','2.40303e-06','-1.58283e-06','7.55054e-09','-4.11296e-08','3.63488e-08','6.06645e-08','-2.03228e-07','2.3486e-10','0','0','0','-1.79835e-06','-1.32144e-05','1.12669e-05','-3.59342e-08','-7.20659e-08','6.06645e-08','0.000112839','-3.38605e-07','2.77714e-10','0','0','0','3.69053e-06','3.47081e-06','-4.97028e-06','-6.15099e-08','2.42177e-07','-2.03228e-07','-3.38605e-07','0.000394427','-1.46434e-09','0','0','0','1.96504e-10','6.33372e-08','-4.74924e-08','3.62974e-10','-2.7536e-10','2.3486e-10','2.77714e-10','-1.46434e-09','2.64229e-09','0','0','0','0','0','0','0','0','0','0','0','0','0','0','0','0','0','0','0','0','0','0','0','0','0','0','0','0','0','0','0','0','0','0','0','0','0','0','0']

reports.append(Report(575963136, ("DT", -2, 1, 5), "MBwhAst1sec05"))
reports[-1].posNum = 1290
reports[-1].negNum = 0
reports[-1].fittype = "6DOF"
reports[-1].add_parameters(ValErr(-0.0344732, 0.0191152, 0), \
                           ValErr(0.0212966, 0.166614, 0), \
                           ValErr(0.0080729, 0.134759, 0), \
                           ValErr(0.000188661, 0.000400129, 0), \
                           ValErr(0.000691, 0.000235808, 0), \
                           ValErr(-0.000439164, 0.000196363, 0), \
                           2860.46, 1290, 1290, -nan)
reports[-1].sigmax = ValErr(0.551218, 0.0108542, 0)
reports[-1].sigmay = ValErr(1.01407, 0.019973, 0)
reports[-1].sigmadxdz = ValErr(0.00275984, 5.434e-05, 0)
reports[-1].sigmadydz = ValErr(0, 0, 0)
reports[-1].add_stats(-0.0570632, 0.0673208, 0.000109688, -0.00263861, -0.0425683, 0.0339337, 0.000162343, -0.00108802, -0.0425683, 0.0339337, 0.000162343, -0.00108802, -0.0418979, 0.00905851, 0.000161124, -0.00103295, -0.0418979, 0.00905851, 0.000161124, -0.00103295, 0.552106, 1.01448, 0.00276103, 0.0278368, 0.552106, 1.01448, 0.00276103, 0.0278368)
reports[-1].CovMatrix = ['0.000365391','0.00177677','-0.00146301','1.60512e-06','7.49055e-07','-5.09607e-07','-1.51955e-06','2.61792e-06','1.66081e-09','0','0','0','0.00177677','0.0277603','-0.0221208','2.4459e-05','-1.04923e-06','2.79465e-06','-1.42898e-05','1.22521e-05','4.74723e-08','0','0','0','-0.00146301','-0.0221208','0.01816','-1.8905e-05','5.67086e-07','-1.95683e-06','1.20803e-05','-1.12849e-05','-3.62555e-08','0','0','0','1.60512e-06','2.4459e-05','-1.8905e-05','1.60103e-07','5.21336e-09','8.73669e-09','-4.87871e-09','-8.5029e-08','2.88619e-10','0','0','0','7.49055e-07','-1.04923e-06','5.67086e-07','5.21336e-09','5.56055e-08','-4.32885e-08','-4.36032e-08','1.15615e-07','-9.23709e-11','0','0','0','-5.09607e-07','2.79465e-06','-1.95683e-06','8.73669e-09','-4.32885e-08','3.85584e-08','3.72006e-08','-1.01605e-07','9.21489e-11','0','0','0','-1.51955e-06','-1.42898e-05','1.20803e-05','-4.87871e-09','-4.36032e-08','3.72006e-08','0.000117814','-1.1221e-07','6.78495e-11','0','0','0','2.61792e-06','1.22521e-05','-1.12849e-05','-8.5029e-08','1.15615e-07','-1.01605e-07','-1.1221e-07','0.000398925','-3.66943e-10','0','0','0','1.66081e-09','4.74723e-08','-3.62555e-08','2.88619e-10','-9.23709e-11','9.21489e-11','6.78495e-11','-3.66943e-10','2.95285e-09','0','0','0','0','0','0','0','0','0','0','0','0','0','0','0','0','0','0','0','0','0','0','0','0','0','0','0','0','0','0','0','0','0','0','0','0','0','0','0']

reports.append(Report(576225280, ("DT", -2, 1, 6), "MBwhAst1sec06"))
reports[-1].posNum = 1326
reports[-1].negNum = 0
reports[-1].fittype = "6DOF"
reports[-1].add_parameters(ValErr(-0.0644709, 0.0175804, 0), \
                           ValErr(-0.178615, 0.152342, 0), \
                           ValErr(0.182289, 0.123033, 0), \
                           ValErr(-8.48255e-06, 0.000370574, 0), \
                           ValErr(0.000207154, 0.000221865, 0), \
                           ValErr(-1.31348e-06, 0.000185098, 0), \
                           3157.98, 1326, 1326, -nan)
reports[-1].sigmax = ValErr(0.517575, 0.0100551, 0)
reports[-1].sigmay = ValErr(0.99379, 0.0193207, 0)
reports[-1].sigmadxdz = ValErr(0.00254513, 4.94385e-05, 0)
reports[-1].sigmadydz = ValErr(0, 0, 0)
reports[-1].add_stats(-0.0516715, 0.0413705, 0.000264269, -0.00268335, -0.0507716, 0.04252, 0.00019849, -0.00100742, -0.0507716, 0.04252, 0.00019849, -0.00100742, -0.052508, 0.0446164, 0.000207106, -0.000969535, -0.052508, 0.0446164, 0.000207106, -0.000969535, 0.518006, 0.99435, 0.0025449, 0.029179, 0.518006, 0.99435, 0.0025449, 0.029179)
reports[-1].CovMatrix = ['0.000309072','0.00145739','-0.00120176','1.22058e-06','6.76279e-07','-4.78822e-07','1.8465e-06','-2.93387e-06','-6.072e-10','0','0','0','0.00145739','0.0232081','-0.018432','1.88645e-05','-1.33004e-06','2.58254e-06','1.05958e-05','3.62157e-06','-5.38849e-08','0','0','0','-0.00120176','-0.018432','0.0151372','-1.43633e-05','7.69449e-07','-1.76448e-06','-9.11058e-06','-1.59575e-07','4.00974e-08','0','0','0','1.22058e-06','1.88645e-05','-1.43633e-05','1.37325e-07','3.85436e-09','7.88113e-09','1.73071e-08','1.10426e-07','-3.39651e-10','0','0','0','6.76279e-07','-1.33004e-06','7.69449e-07','3.85436e-09','4.92242e-08','-3.85635e-08','6.31331e-08','-1.91643e-07','1.83583e-10','0','0','0','-4.78822e-07','2.58254e-06','-1.76448e-06','7.88113e-09','-3.85635e-08','3.42614e-08','-5.30947e-08','1.6643e-07','-1.63434e-10','0','0','0','1.8465e-06','1.05958e-05','-9.11058e-06','1.73071e-08','6.31331e-08','-5.30947e-08','0.000101106','-2.54049e-07','1.91101e-10','0','0','0','-2.93387e-06','3.62157e-06','-1.59575e-07','1.10426e-07','-1.91643e-07','1.6643e-07','-2.54049e-07','0.000373296','-1.02185e-09','0','0','0','-6.072e-10','-5.38849e-08','4.00974e-08','-3.39651e-10','1.83583e-10','-1.63434e-10','1.91101e-10','-1.02185e-09','2.44417e-09','0','0','0','0','0','0','0','0','0','0','0','0','0','0','0','0','0','0','0','0','0','0','0','0','0','0','0','0','0','0','0','0','0','0','0','0','0','0','0']

reports.append(Report(576487424, ("DT", -2, 1, 7), "MBwhAst1sec07"))
reports[-1].posNum = 1312
reports[-1].negNum = 0
reports[-1].fittype = "6DOF"
reports[-1].add_parameters(ValErr(0.00371015, 0.0182342, 0), \
                           ValErr(0.0782694, 0.156749, 0), \
                           ValErr(-0.00757664, 0.126438, 0), \
                           ValErr(-7.00012e-05, 0.000373532, 0), \
                           ValErr(-0.000484604, 0.000224518, 0), \
                           ValErr(0.000389771, 0.000186308, 0), \
                           3060.3, 1312, 1312, -nan)
reports[-1].sigmax = ValErr(0.539317, 0.0105297, 0)
reports[-1].sigmay = ValErr(0.982864, 0.0191913, 0)
reports[-1].sigmadxdz = ValErr(0.00259382, 5.06374e-05, 0)
reports[-1].sigmadydz = ValErr(0, 0, 0)
reports[-1].add_stats(-0.00736237, 0.0553487, 4.55318e-05, -0.00234737, 0.00959619, 0.0651129, -1.98583e-05, -0.000948697, 0.00959619, 0.0651129, -1.98583e-05, -0.000948697, 0.0082674, 0.0637928, -1.10831e-05, -0.00148262, 0.0082674, 0.0637928, -1.10831e-05, -0.00148262, 0.539948, 0.983028, 0.00259494, 0.028258, 0.539948, 0.983028, 0.00259494, 0.028258)
reports[-1].CovMatrix = ['0.000332487','0.00155143','-0.00127561','1.31305e-06','6.15524e-07','-4.16971e-07','3.81681e-07','-8.84558e-07','1.4963e-09','0','0','0','0.00155143','0.0245701','-0.0195147','1.99946e-05','-1.07682e-06','2.44297e-06','-3.1786e-06','6.17869e-06','6.78495e-09','0','0','0','-0.00127561','-0.0195147','0.0159867','-1.55561e-05','5.40516e-07','-1.65404e-06','2.22937e-06','-3.9442e-06','-5.74035e-09','0','0','0','1.31305e-06','1.99946e-05','-1.55561e-05','1.39526e-07','5.62804e-09','6.67436e-09','-1.94541e-08','2.00881e-08','6.87254e-11','0','0','0','6.15524e-07','-1.07682e-06','5.40516e-07','5.62804e-09','5.04085e-08','-3.92201e-08','3.20851e-08','-8.93206e-08','8.46204e-11','0','0','0','-4.16971e-07','2.44297e-06','-1.65404e-06','6.67436e-09','-3.92201e-08','3.47106e-08','-2.91779e-08','7.47715e-08','-5.50396e-11','0','0','0','3.81681e-07','-3.1786e-06','2.22937e-06','-1.94541e-08','3.20851e-08','-2.91779e-08','0.000110875','-6.3928e-08','3.96626e-11','0','0','0','-8.84558e-07','6.17869e-06','-3.9442e-06','2.00881e-08','-8.93206e-08','7.47715e-08','-6.3928e-08','0.000368313','-1.31824e-10','0','0','0','1.4963e-09','6.78495e-09','-5.74035e-09','6.87254e-11','8.46204e-11','-5.50396e-11','3.96626e-11','-1.31824e-10','2.56415e-09','0','0','0','0','0','0','0','0','0','0','0','0','0','0','0','0','0','0','0','0','0','0','0','0','0','0','0','0','0','0','0','0','0','0','0','0','0','0','0']

reports.append(Report(576749568, ("DT", -2, 1, 8), "MBwhAst1sec08"))
reports[-1].posNum = 1285
reports[-1].negNum = 0
reports[-1].fittype = "6DOF"
reports[-1].add_parameters(ValErr(0.0426733, 0.0184329, 0), \
                           ValErr(0.0582864, 0.161864, 0), \
                           ValErr(-0.0407798, 0.130657, 0), \
                           ValErr(0.000169863, 0.000380732, 0), \
                           ValErr(-7.73894e-05, 0.000228018, 0), \
                           ValErr(-7.88816e-05, 0.0001886, 0), \
                           2987.46, 1285, 1285, -nan)
reports[-1].sigmax = ValErr(0.538342, 0.0106229, 0)
reports[-1].sigmay = ValErr(0.976619, 0.0192788, 0)
reports[-1].sigmadxdz = ValErr(0.00263528, 5.19884e-05, 0)
reports[-1].sigmadydz = ValErr(0, 0, 0)
reports[-1].add_stats(0.0527735, -0.021831, -0.000115958, -0.00112675, 0.0388238, 0.0075112, -0.000177658, -0.000157065, 0.0388238, 0.0075112, -0.000177658, -0.000157065, 0.0272085, 0.0122172, -0.00010013, 0.000339758, 0.0272085, 0.0122172, -0.00010013, 0.000339758, 0.538521, 0.976644, 0.00263558, 0.0294257, 0.538521, 0.976644, 0.00263558, 0.0294257)
reports[-1].CovMatrix = ['0.000339772','0.00163432','-0.00134374','1.46356e-06','6.24468e-07','-4.13642e-07','-1.2935e-06','3.03019e-06','-7.76665e-10','0','0','0','0.00163432','0.0262001','-0.020842','2.27247e-05','-8.34504e-07','2.42069e-06','-9.06424e-06','1.25583e-05','1.90231e-08','0','0','0','-0.00134374','-0.020842','0.0170712','-1.78506e-05','2.96576e-07','-1.60495e-06','7.83098e-06','-1.12899e-05','-1.38741e-08','0','0','0','1.46356e-06','2.27247e-05','-1.78506e-05','1.44957e-07','5.98556e-09','6.66689e-09','-2.46891e-08','2.36134e-08','8.65735e-11','0','0','0','6.24468e-07','-8.34504e-07','2.96576e-07','5.98556e-09','5.19923e-08','-4.02778e-08','-5.9903e-08','1.67258e-07','-1.54749e-10','0','0','0','-4.13642e-07','2.42069e-06','-1.60495e-06','6.66689e-09','-4.02778e-08','3.55698e-08','4.96272e-08','-1.34309e-07','1.21351e-10','0','0','0','-1.2935e-06','-9.06424e-06','7.83098e-06','-2.46891e-08','-5.9903e-08','4.96272e-08','0.000112847','-2.04635e-07','1.56525e-10','0','0','0','3.03019e-06','1.25583e-05','-1.12899e-05','2.36134e-08','1.67258e-07','-1.34309e-07','-2.04635e-07','0.000371679','-4.84881e-10','0','0','0','-7.76665e-10','1.90231e-08','-1.38741e-08','8.65735e-11','-1.54749e-10','1.21351e-10','1.56525e-10','-4.84881e-10','2.7028e-09','0','0','0','0','0','0','0','0','0','0','0','0','0','0','0','0','0','0','0','0','0','0','0','0','0','0','0','0','0','0','0','0','0','0','0','0','0','0','0']

reports.append(Report(577011712, ("DT", -2, 1, 9), "MBwhAst1sec09"))
reports[-1].posNum = 1323
reports[-1].negNum = 0
reports[-1].fittype = "6DOF"
reports[-1].add_parameters(ValErr(0.0323484, 0.0181332, 0), \
                           ValErr(-0.0689272, 0.156174, 0), \
                           ValErr(0.0595233, 0.126143, 0), \
                           ValErr(0.000562119, 0.000369361, 0), \
                           ValErr(-0.000416901, 0.000221376, 0), \
                           ValErr(0.00020671, 0.000184414, 0), \
                           3090.32, 1323, 1323, -nan)
reports[-1].sigmax = ValErr(0.535777, 0.0104184, 0)
reports[-1].sigmay = ValErr(0.979235, 0.0190414, 0)
reports[-1].sigmadxdz = ValErr(0.00261201, 5.07793e-05, 0)
reports[-1].sigmadydz = ValErr(0, 0, 0)
reports[-1].add_stats(0.0495422, 0.000509682, -0.000173099, -0.00334276, 0.0409346, -0.00572034, -0.000221286, -0.00210927, 0.0409346, -0.00572034, -0.000221286, -0.00210927, 0.0287387, 0.0183947, -0.000192899, -0.00192799, 0.0287387, 0.0183947, -0.000192899, -0.00192799, 0.535564, 0.981501, 0.00261309, 0.0295102, 0.535564, 0.981501, 0.00261309, 0.0295102)
reports[-1].CovMatrix = ['0.000328812','0.00154288','-0.00127031','1.35337e-06','6.43811e-07','-4.3964e-07','-1.09026e-06','1.95967e-06','1.11858e-09','0','0','0','0.00154288','0.0243904','-0.019399','2.07114e-05','-1.20307e-06','2.61954e-06','-6.68245e-06','9.87931e-06','1.42926e-08','0','0','0','-0.00127031','-0.019399','0.0159121','-1.60255e-05','6.58274e-07','-1.80143e-06','5.96676e-06','-8.84191e-06','-1.11128e-08','0','0','0','1.35337e-06','2.07114e-05','-1.60255e-05','1.36428e-07','3.89062e-09','7.79218e-09','7.6407e-09','-3.90796e-08','9.55197e-11','0','0','0','6.43811e-07','-1.20307e-06','6.58274e-07','3.89062e-09','4.90074e-08','-3.82189e-08','-4.74983e-08','8.56784e-08','6.15656e-12','0','0','0','-4.3964e-07','2.61954e-06','-1.80143e-06','7.79218e-09','-3.82189e-08','3.40084e-08','4.2037e-08','-7.32346e-08','-7.68637e-12','0','0','0','-1.09026e-06','-6.68245e-06','5.96676e-06','7.6407e-09','-4.74983e-08','4.2037e-08','0.000108544','-9.90411e-08','-1.07728e-11','0','0','0','1.95967e-06','9.87931e-06','-8.84191e-06','-3.90796e-08','8.56784e-08','-7.32346e-08','-9.90411e-08','0.00036258','-1.26178e-11','0','0','0','1.11858e-09','1.42926e-08','-1.11128e-08','9.55197e-11','6.15656e-12','-7.68637e-12','-1.07728e-11','-1.26178e-11','2.57855e-09','0','0','0','0','0','0','0','0','0','0','0','0','0','0','0','0','0','0','0','0','0','0','0','0','0','0','0','0','0','0','0','0','0','0','0','0','0','0','0']

reports.append(Report(577273856, ("DT", -2, 1, 10), "MBwhAst1sec10"))
reports[-1].posNum = 1305
reports[-1].negNum = 0
reports[-1].fittype = "6DOF"
reports[-1].add_parameters(ValErr(0.0195457, 0.0192945, 0), \
                           ValErr(0.0377931, 0.165186, 0), \
                           ValErr(-0.0345893, 0.133308, 0), \
                           ValErr(-0.000197374, 0.000374914, 0), \
                           ValErr(6.61941e-05, 0.000227354, 0), \
                           ValErr(-0.000126681, 0.000188658, 0), \
                           3010.82, 1305, 1305, -nan)
reports[-1].sigmax = ValErr(0.559203, 0.010948, 0)
reports[-1].sigmay = ValErr(0.967824, 0.018947, 0)
reports[-1].sigmadxdz = ValErr(0.00260582, 5.10066e-05, 0)
reports[-1].sigmadydz = ValErr(0, 0, 0)
reports[-1].add_stats(0.0195246, -0.0173156, -6.00879e-05, -0.00184273, 0.0153088, -0.00242503, -6.95642e-05, -0.000533519, 0.0153088, -0.00242503, -6.95642e-05, -0.000533519, 0.0193179, -0.022365, -0.00010044, -0.000402919, 0.0193179, -0.022365, -0.00010044, -0.000402919, 0.559225, 0.967949, 0.00260609, 0.0287751, 0.559225, 0.967949, 0.00260609, 0.0287751)
reports[-1].CovMatrix = ['0.000372276','0.00181996','-0.00149133','1.64004e-06','5.66836e-07','-3.3943e-07','3.03881e-07','-3.87165e-08','-1.68254e-10','0','0','0','0.00181996','0.0272863','-0.0217263','2.36605e-05','-9.03019e-07','2.70215e-06','-4.76847e-06','1.04988e-05','2.94459e-09','0','0','0','-0.00149133','-0.0217263','0.0177709','-1.87461e-05','5.13469e-07','-1.9747e-06','3.91532e-06','-8.33508e-06','-2.22283e-09','0','0','0','1.64004e-06','2.36605e-05','-1.87461e-05','1.4056e-07','4.60553e-09','8.11389e-09','3.78376e-08','-5.93454e-08','1.29317e-11','0','0','0','5.66836e-07','-9.03019e-07','5.13469e-07','4.60553e-09','5.16897e-08','-4.02035e-08','4.0681e-08','-6.13282e-08','-2.12739e-11','0','0','0','-3.3943e-07','2.70215e-06','-1.9747e-06','8.11389e-09','-4.02035e-08','3.55919e-08','-3.15567e-08','4.46846e-08','2.88419e-11','0','0','0','3.03881e-07','-4.76847e-06','3.91532e-06','3.78376e-08','4.0681e-08','-3.15567e-08','0.000119859','-7.05805e-08','-2.22803e-11','0','0','0','-3.87165e-08','1.04988e-05','-8.33508e-06','-5.93454e-08','-6.13282e-08','4.46846e-08','-7.05805e-08','0.000358993','2.44358e-11','0','0','0','-1.68254e-10','2.94459e-09','-2.22283e-09','1.29317e-11','-2.12739e-11','2.88419e-11','-2.22803e-11','2.44358e-11','2.60168e-09','0','0','0','0','0','0','0','0','0','0','0','0','0','0','0','0','0','0','0','0','0','0','0','0','0','0','0','0','0','0','0','0','0','0','0','0','0','0','0']

reports.append(Report(577536000, ("DT", -2, 1, 11), "MBwhAst1sec11"))
reports[-1].posNum = 1292
reports[-1].negNum = 0
reports[-1].fittype = "6DOF"
reports[-1].add_parameters(ValErr(0.0444675, 0.0194815, 0), \
                           ValErr(0.133433, 0.163149, 0), \
                           ValErr(-0.0654849, 0.131855, 0), \
                           ValErr(0.000390471, 0.000374323, 0), \
                           ValErr(0.000343203, 0.000224856, 0), \
                           ValErr(-0.000351313, 0.000186245, 0), \
                           2964.25, 1292, 1292, -nan)
reports[-1].sigmax = ValErr(0.562593, 0.0110681, 0)
reports[-1].sigmay = ValErr(0.956974, 0.0188281, 0)
reports[-1].sigmadxdz = ValErr(0.00265332, 5.22029e-05, 0)
reports[-1].sigmadydz = ValErr(0, 0, 0)
reports[-1].add_stats(0.0282726, -0.000555079, 2.42207e-06, -0.00148826, 0.0332741, 0.0529877, -0.00011502, 9.28295e-05, 0.0332741, 0.0529877, -0.00011502, 9.28295e-05, 0.0400847, 0.078248, -0.000138648, -0.000654721, 0.0400847, 0.078248, -0.000138648, -0.000654721, 0.563202, 0.957398, 0.00265389, 0.0290279, 0.563202, 0.957398, 0.00265389, 0.0290279)
reports[-1].CovMatrix = ['0.00037953','0.00180057','-0.00147755','1.61079e-06','6.49849e-07','-4.15679e-07','-3.08332e-07','2.82179e-08','2.5393e-09','0','0','0','0.00180057','0.0266175','-0.0212202','2.3163e-05','-3.076e-07','2.15313e-06','-2.51863e-06','-1.06738e-05','5.04313e-08','0','0','0','-0.00147755','-0.0212202','0.0173856','-1.82259e-05','9.55779e-08','-1.57006e-06','1.95755e-06','8.59896e-06','-3.94704e-08','0','0','0','1.61079e-06','2.3163e-05','-1.82259e-05','1.40117e-07','7.33546e-09','6.05926e-09','-3.15596e-08','-4.08942e-08','2.92199e-10','0','0','0','6.49849e-07','-3.076e-07','9.55779e-08','7.33546e-09','5.056e-08','-3.90644e-08','-2.02795e-08','5.59348e-08','-5.56034e-11','0','0','0','-4.15679e-07','2.15313e-06','-1.57006e-06','6.05926e-09','-3.90644e-08','3.46872e-08','1.445e-08','-4.92023e-08','7.00398e-11','0','0','0','-3.08332e-07','-2.51863e-06','1.95755e-06','-3.15596e-08','-2.02795e-08','1.445e-08','0.000122504','-1.32252e-08','-3.88964e-11','0','0','0','2.82179e-08','-1.06738e-05','8.59896e-06','-4.08942e-08','5.59348e-08','-4.92023e-08','-1.32252e-08','0.000354504','-1.68269e-10','0','0','0','2.5393e-09','5.04313e-08','-3.94704e-08','2.92199e-10','-5.56034e-11','7.00398e-11','-3.88964e-11','-1.68269e-10','2.72515e-09','0','0','0','0','0','0','0','0','0','0','0','0','0','0','0','0','0','0','0','0','0','0','0','0','0','0','0','0','0','0','0','0','0','0','0','0','0','0','0']

reports.append(Report(577798144, ("DT", -2, 1, 12), "MBwhAst1sec12"))
reports[-1].posNum = 1280
reports[-1].negNum = 0
reports[-1].fittype = "6DOF"
reports[-1].add_parameters(ValErr(-0.00802449, 0.0183834, 0), \
                           ValErr(-0.0331044, 0.161198, 0), \
                           ValErr(0.00665998, 0.130141, 0), \
                           ValErr(-3.39009e-06, 0.000377132, 0), \
                           ValErr(-8.44435e-05, 0.000226216, 0), \
                           ValErr(3.44568e-05, 0.000187339, 0), \
                           2986.15, 1280, 1280, -nan)
reports[-1].sigmax = ValErr(0.540692, 0.0106876, 0)
reports[-1].sigmay = ValErr(0.989858, 0.0195707, 0)
reports[-1].sigmadxdz = ValErr(0.00256795, 5.07575e-05, 0)
reports[-1].sigmadydz = ValErr(0, 0, 0)
reports[-1].add_stats(-0.0130653, -0.0617623, -3.8331e-05, -0.00518801, -0.00676073, -0.025804, -3.36482e-05, -0.00202612, -0.00676073, -0.025804, -3.36482e-05, -0.00202612, -0.00361398, -0.00890329, -9.60631e-05, -0.00281647, -0.00361398, -0.00890329, -9.60631e-05, -0.00281647, 0.540672, 0.990032, 0.00256782, 0.0296962, 0.540672, 0.990032, 0.00256782, 0.0296962)
reports[-1].CovMatrix = ['0.00033795','0.00158312','-0.00130387','1.36424e-06','6.40831e-07','-4.38136e-07','-2.46384e-07','1.23006e-06','-9.98093e-10','0','0','0','0.00158312','0.0259849','-0.020661','2.15938e-05','-9.92617e-07','2.43277e-06','2.41338e-06','-6.48721e-06','1.34463e-08','0','0','0','-0.00130387','-0.020661','0.0169367','-1.6872e-05','3.6788e-07','-1.56393e-06','-1.62627e-06','4.44152e-06','-9.42893e-09','0','0','0','1.36424e-06','2.15938e-05','-1.6872e-05','1.42229e-07','5.78164e-09','6.35642e-09','2.25064e-09','-1.4508e-08','5.54682e-11','0','0','0','6.40831e-07','-9.92617e-07','3.6788e-07','5.78164e-09','5.11735e-08','-3.97856e-08','-3.46088e-08','1.16451e-07','-1.34514e-10','0','0','0','-4.38136e-07','2.43277e-06','-1.56393e-06','6.35642e-09','-3.97856e-08','3.50959e-08','3.08759e-08','-9.68667e-08','1.06437e-10','0','0','0','-2.46384e-07','2.41338e-06','-1.62627e-06','2.25064e-09','-3.46088e-08','3.08759e-08','0.000114225','-8.43917e-08','9.03124e-11','0','0','0','1.23006e-06','-6.48721e-06','4.44152e-06','-1.4508e-08','1.16451e-07','-9.68667e-08','-8.43917e-08','0.000383017','-3.15413e-10','0','0','0','-9.98093e-10','1.34463e-08','-9.42893e-09','5.54682e-11','-1.34514e-10','1.06437e-10','9.03124e-11','-3.15413e-10','2.57633e-09','0','0','0','0','0','0','0','0','0','0','0','0','0','0','0','0','0','0','0','0','0','0','0','0','0','0','0','0','0','0','0','0','0','0','0','0','0','0','0']

reports.append(Report(579108864, ("DT", -2, 2, 1), "MBwhAst2sec01"))
reports[-1].posNum = 1350
reports[-1].negNum = 0
reports[-1].fittype = "6DOF"
reports[-1].add_parameters(ValErr(-0.0425747, 0.0203197, 0), \
                           ValErr(0.396315, 0.164958, 0), \
                           ValErr(-0.343711, 0.156937, 0), \
                           ValErr(-0.00070111, 0.000461433, 0), \
                           ValErr(0.000668094, 0.000225316, 0), \
                           ValErr(-0.000655406, 0.00021788, 0), \
                           2432.11, 1350, 1350, -nan)
reports[-1].sigmax = ValErr(0.715771, 0.013779, 0)
reports[-1].sigmay = ValErr(1.20341, 0.0231811, 0)
reports[-1].sigmadxdz = ValErr(0.00271452, 5.22534e-05, 0)
reports[-1].sigmadydz = ValErr(0, 0, 0)
reports[-1].add_stats(-0.0405393, 0.0229623, 5.55827e-05, -0.000361449, -0.0398265, 0.0380223, -5.74434e-06, -0.00148194, -0.0398265, 0.0380223, -5.74434e-06, -0.00148194, -0.0391069, 0.0154097, -8.82289e-06, -0.00163096, -0.0391069, 0.0154097, -8.82289e-06, -0.00163096, 0.718749, 1.20426, 0.0027202, 0.0232669, 0.718749, 1.20426, 0.0027202, 0.0232669)
reports[-1].CovMatrix = ['0.000412891','-0.000812229','0.000793852','-6.76576e-07','6.27473e-07','-5.86177e-07','-5.19716e-07','2.71913e-06','-3.45311e-09','0','0','0','-0.000812229','0.027211','-0.0253703','2.15722e-05','2.22337e-07','-8.5277e-07','-7.56833e-06','2.62553e-06','2.32416e-08','0','0','0','0.000793852','-0.0253703','0.0246291','-2.06287e-05','2.01446e-07','4.13038e-07','6.71729e-06','-3.57034e-07','-2.40012e-08','0','0','0','-6.76576e-07','2.15722e-05','-2.06287e-05','2.1292e-07','-6.12449e-09','-1.18045e-09','-5.87902e-09','-1.0251e-07','2.6569e-10','0','0','0','6.27473e-07','2.22337e-07','2.01446e-07','-6.12449e-09','5.07673e-08','-4.63811e-08','-7.04015e-08','2.19888e-07','-2.26632e-10','0','0','0','-5.86177e-07','-8.5277e-07','4.13038e-07','-1.18045e-09','-4.63811e-08','4.74716e-08','7.25604e-08','-2.08977e-07','1.95943e-10','0','0','0','-5.19716e-07','-7.56833e-06','6.71729e-06','-5.87902e-09','-7.04015e-08','7.25604e-08','0.000189863','-3.18745e-07','2.92561e-10','0','0','0','2.71913e-06','2.62553e-06','-3.57034e-07','-1.0251e-07','2.19888e-07','-2.08977e-07','-3.18745e-07','0.00053737','-1.05943e-09','0','0','0','-3.45311e-09','2.32416e-08','-2.40012e-08','2.6569e-10','-2.26632e-10','1.95943e-10','2.92561e-10','-1.05943e-09','2.73042e-09','0','0','0','0','0','0','0','0','0','0','0','0','0','0','0','0','0','0','0','0','0','0','0','0','0','0','0','0','0','0','0','0','0','0','0','0','0','0','0']

reports.append(Report(579371008, ("DT", -2, 2, 2), "MBwhAst2sec02"))
reports[-1].posNum = 1346
reports[-1].negNum = 0
reports[-1].fittype = "6DOF"
reports[-1].add_parameters(ValErr(0.0451479, 0.0187415, 0), \
                           ValErr(0.00786211, 0.0279653, 0), \
                           ValErr(-0.000602891, 0.0262598, 0), \
                           ValErr(-0.000541045, 0.000442026, 0), \
                           ValErr(-0.000310127, 0.000222849, 0), \
                           ValErr(0.000155295, 0.000214693, 0), \
                           2414.49, 1346, 1346, -nan)
reports[-1].sigmax = ValErr(0.726155, 0.0139819, 0)
reports[-1].sigmay = ValErr(1.15565, 0.0218141, 0)
reports[-1].sigmadxdz = ValErr(0.00280789, 5.31604e-05, 0)
reports[-1].sigmadydz = ValErr(0, 0, 0)
reports[-1].add_stats(0.0725374, 0.0179814, -0.000247579, -0.0014225, 0.0478575, 0.00787981, -0.000186145, -0.001771, 0.0478575, 0.00787981, -0.000186145, -0.001771, 0.044684, 0.00606959, -0.000190633, -0.00127397, 0.044684, 0.00606959, -0.000190633, -0.00127397, 0.726399, 1.15688, 0.00280595, 0.0223634, 0.726399, 1.15688, 0.00280595, 0.0223634)
reports[-1].CovMatrix = ['0.000351243','2.00071e-05','-1.37948e-05','-2.02821e-07','5.37567e-07','-4.77518e-07','4.9458e-06','2.72994e-05','-6.20728e-08','0','0','0','2.00071e-05','0.000782059','-0.000260356','-4.84408e-07','-3.24094e-07','3.49006e-07','5.55041e-06','1.32714e-05','1.27011e-08','0','0','0','-1.37948e-05','-0.000260356','0.000689577','-6.95996e-08','5.00518e-07','-4.87161e-07','-5.41473e-06','-1.68342e-06','-3.04196e-08','0','0','0','-2.02821e-07','-4.84408e-07','-6.95996e-08','1.95387e-07','-6.87817e-09','-1.07018e-09','2.74233e-08','5.32233e-07','-1.22491e-09','0','0','0','5.37567e-07','-3.24094e-07','5.00518e-07','-6.87817e-09','4.96618e-08','-4.49487e-08','6.54951e-08','-1.37689e-07','9.33717e-11','0','0','0','-4.77518e-07','3.49006e-07','-4.87161e-07','-1.07018e-09','-4.49487e-08','4.6093e-08','-6.778e-08','8.55794e-08','1.19439e-11','0','0','0','4.9458e-06','5.55041e-06','-5.41473e-06','2.74233e-08','6.54951e-08','-6.778e-08','0.000195495','-2.65383e-06','5.94696e-09','0','0','0','2.72994e-05','1.32714e-05','-1.68342e-06','5.32233e-07','-1.37689e-07','8.55794e-08','-2.65383e-06','0.000475862','4.45056e-08','0','0','0','-6.20728e-08','1.27011e-08','-3.04196e-08','-1.22491e-09','9.33717e-11','1.19439e-11','5.94696e-09','4.45056e-08','2.82604e-09','0','0','0','0','0','0','0','0','0','0','0','0','0','0','0','0','0','0','0','0','0','0','0','0','0','0','0','0','0','0','0','0','0','0','0','0','0','0','0']

reports.append(Report(579633152, ("DT", -2, 2, 3), "MBwhAst2sec03"))
reports[-1].posNum = 1411
reports[-1].negNum = 0
reports[-1].fittype = "6DOF"
reports[-1].add_parameters(ValErr(-0.0199888, 0.0205295, 0), \
                           ValErr(-0.0588953, 0.166845, 0), \
                           ValErr(0.0552095, 0.158147, 0), \
                           ValErr(-2.73501e-05, 0.000460294, 0), \
                           ValErr(-5.47733e-05, 0.00022765, 0), \
                           ValErr(0.00014185, 0.000219257, 0), \
                           2435.91, 1411, 1411, -nan)
reports[-1].sigmax = ValErr(0.736618, 0.0138681, 0)
reports[-1].sigmay = ValErr(1.24604, 0.0234593, 0)
reports[-1].sigmadxdz = ValErr(0.00274639, 5.17124e-05, 0)
reports[-1].sigmadydz = ValErr(0, 0, 0)
reports[-1].add_stats(-0.0224345, 0.00423588, 0.000118818, 0.000478904, -0.0212133, -0.00121515, 9.34353e-05, -0.000621687, -0.0212133, -0.00121515, 9.34353e-05, -0.000621687, -0.0307615, 0.000537414, 8.07755e-05, -0.000825212, -0.0307615, 0.000537414, 8.07755e-05, -0.000825212, 0.736709, 1.2462, 0.00274598, 0.0237895, 0.736709, 1.2462, 0.00274598, 0.0237895)
