nan = None;  NAN = None
nan = 0
reports = []
class ValErr:
    def __init__(self, value, error, antisym):
        self.value, self.error, self.antisym = value, error, antisym

    def __repr__(self):
        if self.antisym == 0.:
            return "%g +- %g" % (self.value, self.error)
        else:
            return "%g +- %g ~ %g" % (self.value, self.error, self.antisym)

class Report:
    def __init__(self, chamberId, postal_address, name):
        self.chamberId, self.postal_address, self.name = chamberId, postal_address, name
        self.status = "NOFIT"
        self.fittype = None
        self.CovMatrix = None

    def add_parameters(self, deltax, deltay, deltaz, deltaphix, deltaphiy, deltaphiz, loglikelihood, numsegments, sumofweights, redchi2):
        self.status = "PASS"
        self.deltax, self.deltay, self.deltaz, self.deltaphix, self.deltaphiy, self.deltaphiz = deltax, deltay, deltaz, deltaphix, deltaphiy, deltaphiz
        self.loglikelihood, self.numsegments, self.sumofweights, self.redchi2 = loglikelihood, numsegments, sumofweights, redchi2

    def add_stats(self, median_x, median_y, median_dxdz, median_dydz, mean30_x, mean30_y, mean20_dxdz, mean50_dydz, mean15_x, mean15_y, mean10_dxdz, mean25_dydz, wmean30_x, wmean30_y, wmean20_dxdz, wmean50_dydz, wmean15_x, wmean15_y, wmean10_dxdz, wmean25_dydz, stdev30_x, stdev30_y, stdev20_dxdz, stdev50_dydz, stdev15_x, stdev15_y, stdev10_dxdz, stdev25_dydz):
        self.median_x, self.median_y, self.median_dxdz, self.median_dydz, self.mean30_x, self.mean30_y, self.mean20_dxdz, self.mean50_dydz, self.mean15_x, self.mean15_y, self.mean10_dxdz, self.mean25_dydz, self.wmean30_x, self.wmean30_y, self.wmean20_dxdz, self.wmean50_dydz, self.wmean15_x, self.wmean15_y, self.wmean10_dxdz, self.wmean25_dydz, self.stdev30_x, self.stdev30_y, self.stdev20_dxdz, self.stdev50_dydz, self.stdev15_x, self.stdev15_y, self.stdev10_dxdz, self.stdev25_dydz = median_x, median_y, median_dxdz, median_dydz, mean30_x, mean30_y, mean20_dxdz, mean50_dydz, mean15_x, mean15_y, mean10_dxdz, mean25_dydz, wmean30_x, wmean30_y, wmean20_dxdz, wmean50_dydz, wmean15_x, wmean15_y, wmean10_dxdz, wmean25_dydz, stdev30_x, stdev30_y, stdev20_dxdz, stdev50_dydz, stdev15_x, stdev15_y, stdev10_dxdz, stdev25_dydz

    def __repr__(self):
        return "<Report %s %s %s>" % (self.postal_address[0], " ".join(map(str, self.postal_address[1:])), self.status)

reports.append(Report(574914560, ("DT", -2, 1, 1), "MBwhAst1sec01"))
reports[-1].posNum = 15
reports[-1].negNum = 0
reports[-1].fittype = "6DOF"
reports[-1].add_parameters(ValErr(-0.159684, 0.135736, 0), \
                           ValErr(0.775797, 1.18843, 0), \
                           ValErr(-0.579087, 0.967945, 0), \
                           ValErr(-0.000198932, 0.00315316, 0), \
                           ValErr(0.00166713, 0.00165385, 0), \
                           ValErr(-0.00051291, 0.00140082, 0), \
                           43.592, 15, 15, -nan)
reports[-1].sigmax = ValErr(0.427371, 0.0784408, 0)
reports[-1].sigmay = ValErr(0.768828, 0.141403, 0)
reports[-1].sigmadxdz = ValErr(0.0023581, 0.000431557, 0)
reports[-1].sigmadydz = ValErr(0, 0, 0)
reports[-1].add_stats(-0.125435, 0.0260424, 0.00178736, 0.0149206, -0.219962, 0.10252, 0.0011256, 0.00871927, -0.219962, 0.10252, 0.0011256, 0.00871927, -0.225152, -0.0329012, 0.00135534, 0.0101355, -0.225152, -0.0329012, 0.00135534, 0.0101355, 0.429547, 0.785669, 0.00235319, 0.0234417, 0.429547, 0.785669, 0.00235319, 0.0234417)
reports[-1].CovMatrix = ['0.0184243','0.0828826','-0.0688547','8.0001e-05','5.22428e-05','-3.97609e-05','0.000265995','-0.000340065','-3.50021e-07','0','0','0','0.0828826','1.41236','-1.13281','0.00135666','-5.94609e-05','0.000151088','0.00673057','-0.00782404','-1.25354e-05','0','0','0','-0.0688547','-1.13281','0.936918','-0.000985373','3.31501e-05','-0.00010143','-0.00568251','0.00713938','9.04296e-06','0','0','0','8.0001e-05','0.00135666','-0.000985373','9.9424e-06','2.38689e-07','5.46995e-07','-4.95862e-06','3.83175e-05','-8.76819e-08','0','0','0','5.22428e-05','-5.94609e-05','3.31501e-05','2.38689e-07','2.73523e-06','-2.132e-06','-7.07377e-06','8.72018e-06','1.25845e-08','0','0','0','-3.97609e-05','0.000151088','-0.00010143','5.46995e-07','-2.132e-06','1.96229e-06','6.18932e-06','-4.28887e-06','-2.08899e-08','0','0','0','0.000265995','0.00673057','-0.00568251','-4.95862e-06','-7.07377e-06','6.18932e-06','0.00615605','-0.000117426','-1.19871e-08','0','0','0','-0.000340065','-0.00782404','0.00713938','3.83175e-05','8.72018e-06','-4.28887e-06','-0.000117426','0.0200136','-2.91048e-07','0','0','0','-3.50021e-07','-1.25354e-05','9.04296e-06','-8.76819e-08','1.25845e-08','-2.08899e-08','-1.19871e-08','-2.91048e-07','1.86291e-07','0','0','0','0','0','0','0','0','0','0','0','0','0','0','0','0','0','0','0','0','0','0','0','0','0','0','0','0','0','0','0','0','0','0','0','0','0','0','0']

reports.append(Report(575176704, ("DT", -2, 1, 2), "MBwhAst1sec02"))
reports[-1].posNum = 12
reports[-1].negNum = 0
reports[-1].fittype = "6DOF"
reports[-1].add_parameters(ValErr(0.365404, 0.247917, 0), \
                           ValErr(0.757769, 2.25256, 0), \
                           ValErr(-0.596637, 1.834, 0), \
                           ValErr(-0.00430095, 0.00513789, 0), \
                           ValErr(-0.000903069, 0.00246081, 0), \
                           ValErr(-0.000587739, 0.00222374, 0), \
                           27.008, 12, 12, -nan)
reports[-1].sigmax = ValErr(0.627494, 0.128719, 0)
reports[-1].sigmay = ValErr(0.826656, 0.1717, 0)
reports[-1].sigmadxdz = ValErr(0.00287672, 0.000586952, 0)
reports[-1].sigmadydz = ValErr(0, 0, 0)
reports[-1].add_stats(0.31172, 0.468342, -6.80989e-05, -0.00560807, 0.320438, 0.127579, -0.00127278, -0.00270548, 0.320438, 0.127579, -0.00127278, -0.00270548, 0.387821, 0.0449263, -0.00142658, -0.00158481, 0.387821, 0.0449263, -0.00142658, -0.00158481, 0.627271, 0.871743, 0.00288445, 0.026662, 0.627271, 0.871743, 0.00288445, 0.026662)
reports[-1].CovMatrix = ['0.0614628','0.362785','-0.298042','0.000375358','0.000102906','-5.64406e-05','0.000301285','-0.000729617','1.71981e-06','0','0','0','0.362785','5.07401','-4.10456','0.00586923','-0.00024305','0.000738361','-0.00720136','0.0139782','-4.64661e-05','0','0','0','-0.298042','-4.10456','3.36356','-0.0044618','0.000122686','-0.000513124','0.0052115','-0.00976353','3.30957e-05','0','0','0','0.000375358','0.00586923','-0.0044618','2.63979e-05','-3.23561e-06','4.87959e-06','-3.38246e-05','0.000108971','-2.8183e-07','0','0','0','0.000102906','-0.00024305','0.000122686','-3.23561e-06','6.05561e-06','-5.10066e-06','3.44668e-05','-9.87379e-05','1.95917e-07','0','0','0','-5.64406e-05','0.000738361','-0.000513124','4.87959e-06','-5.10066e-06','4.94502e-06','-3.38522e-05','9.31528e-05','-1.78662e-07','0','0','0','0.000301285','-0.00720136','0.0052115','-3.38246e-05','3.44668e-05','-3.38522e-05','0.0165841','-0.000721764','1.05668e-06','0','0','0','-0.000729617','0.0139782','-0.00976353','0.000108971','-9.87379e-05','9.31528e-05','-0.000721764','0.029519','-3.67838e-06','0','0','0','1.71981e-06','-4.64661e-05','3.30957e-05','-2.8183e-07','1.95917e-07','-1.78662e-07','1.05668e-06','-3.67838e-06','3.44655e-07','0','0','0','0','0','0','0','0','0','0','0','0','0','0','0','0','0','0','0','0','0','0','0','0','0','0','0','0','0','0','0','0','0','0','0','0','0','0','0']

reports.append(Report(575438848, ("DT", -2, 1, 3), "MBwhAst1sec03"))
reports[-1].posNum = 15
reports[-1].negNum = 0
reports[-1].fittype = "6DOF"
reports[-1].add_parameters(ValErr(-0.317229, 0.231521, 0), \
                           ValErr(0.207433, 1.82586, 0), \
                           ValErr(-0.624915, 1.44566, 0), \
                           ValErr(0.00293672, 0.00349852, 0), \
                           ValErr(-0.00211855, 0.00210489, 0), \
                           ValErr(0.00420352, 0.0017047, 0), \
                           41.3708, 15, 15, -nan)
reports[-1].sigmax = ValErr(0.531518, 0.100028, 0)
reports[-1].sigmay = ValErr(0.792556, 0.148696, 0)
reports[-1].sigmadxdz = ValErr(0.00213226, 0.000394804, 0)
reports[-1].sigmadydz = ValErr(0, 0, 0)
reports[-1].add_stats(-0.553779, -0.542068, 0.00304513, -0.00449812, -0.490307, -0.395824, 0.0028619, -0.00907372, -0.490307, -0.395824, 0.0028619, -0.00907372, -0.564304, -0.599873, 0.00319166, -0.0108797, -0.564304, -0.599873, 0.00319166, -0.0108797, 0.505678, 0.863516, 0.00228416, 0.0422941, 0.505678, 0.863516, 0.00228416, 0.0422941)
reports[-1].CovMatrix = ['0.0536019','0.3295','-0.264875','0.000293827','-0.000100248','0.000118455','0.00284952','-0.00187022','-6.24847e-06','0','0','0','0.3295','3.33377','-2.61538','0.0025098','-0.00020539','0.000477014','0.0197556','-0.0116616','-4.67422e-05','0','0','0','-0.264875','-2.61538','2.08993','-0.00231566','0.000250912','-0.000487204','-0.0165752','0.00815576','4.36585e-05','0','0','0','0.000293827','0.0025098','-0.00231566','1.22396e-05','3.83368e-08','1.49542e-06','1.20421e-05','6.41569e-05','-2.18012e-07','0','0','0','-0.000100248','-0.00020539','0.000250912','3.83368e-08','4.43055e-06','-3.3554e-06','-4.60885e-05','5.50927e-05','3.66634e-08','0','0','0','0.000118455','0.000477014','-0.000487204','1.49542e-06','-3.3554e-06','2.90602e-06','3.85526e-05','-3.50765e-05','-5.98251e-08','0','0','0','0.00284952','0.0197556','-0.0165752','1.20421e-05','-4.60885e-05','3.85526e-05','0.0100123','-0.000643556','-6.61661e-07','0','0','0','-0.00187022','-0.0116616','0.00815576','6.41569e-05','5.50927e-05','-3.50765e-05','-0.000643556','0.0221329','-6.44336e-07','0','0','0','-6.24847e-06','-4.67422e-05','4.36585e-05','-2.18012e-07','3.66634e-08','-5.98251e-08','-6.61661e-07','-6.44336e-07','1.55909e-07','0','0','0','0','0','0','0','0','0','0','0','0','0','0','0','0','0','0','0','0','0','0','0','0','0','0','0','0','0','0','0','0','0','0','0','0','0','0','0']

reports.append(Report(575700992, ("DT", -2, 1, 4), "MBwhAst1sec04"))
reports[-1].posNum = 14
reports[-1].negNum = 0
reports[-1].fittype = "6DOF"
reports[-1].add_parameters(ValErr(0.227333, 0.319046, 0), \
                           ValErr(1.34759, 3.13242, 0), \
                           ValErr(-1.21882, 2.5725, 0), \
                           ValErr(0.00340243, 0.00524424, 0), \
                           ValErr(0.00138023, 0.00264857, 0), \
                           ValErr(-0.00167637, 0.0021531, 0), \
                           31.7168, 14, 14, -nan)
reports[-1].sigmax = ValErr(0.709663, 0.143202, 0)
reports[-1].sigmay = ValErr(0.709416, 0.142027, 0)
reports[-1].sigmadxdz = ValErr(0.00291979, 0.000556386, 0)
reports[-1].sigmadydz = ValErr(0, 0, 0)
reports[-1].add_stats(0.347125, 0.114528, -0.00116501, -0.00681943, 0.0828606, -0.156815, -0.00118251, -0.0137948, 0.0828606, -0.156815, -0.00118251, -0.0137948, 0.322374, -0.344581, -0.00208088, -0.00764818, 0.322374, -0.344581, -0.00208088, -0.00764818, 0.701852, 0.734903, 0.00290599, 0.0255943, 0.701852, 0.734903, 0.00290599, 0.0255943)
reports[-1].CovMatrix = ['0.10179','0.797867','-0.655798','0.00118692','8.17636e-05','5.41115e-05','-0.00786315','0.00450903','1.43099e-05','0','0','0','0.797867','9.81206','-8.04296','0.0144174','0.000181743','0.00134587','-0.108176','0.0677118','0.000171926','0','0','0','-0.655798','-8.04296','6.61776','-0.0118237','-8.31421e-05','-0.00115705','0.0899209','-0.0567835','-0.000140716','0','0','0','0.00118692','0.0144174','-0.0118237','2.7502e-05','2.31143e-06','9.8992e-07','-0.000125866','4.62924e-05','3.3692e-07','0','0','0','8.17636e-05','0.000181743','-8.31421e-05','2.31143e-06','7.01494e-06','-5.27251e-06','9.04771e-05','-0.000106126','6.5275e-08','0','0','0','5.41115e-05','0.00134587','-0.00115705','9.8992e-07','-5.27251e-06','4.63586e-06','-9.1165e-05','9.07341e-05','2.31133e-09','0','0','0','-0.00786315','-0.108176','0.0899209','-0.000125866','9.04771e-05','-9.1165e-05','0.0205281','-0.00223554','-1.34866e-06','0','0','0','0.00450903','0.0677118','-0.0567835','4.62924e-05','-0.000106126','9.07341e-05','-0.00223554','0.0201923','1.01374e-07','0','0','0','1.43099e-05','0.000171926','-0.000140716','3.3692e-07','6.5275e-08','2.31133e-09','-1.34866e-06','1.01374e-07','3.09678e-07','0','0','0','0','0','0','0','0','0','0','0','0','0','0','0','0','0','0','0','0','0','0','0','0','0','0','0','0','0','0','0','0','0','0','0','0','0','0','0']

reports.append(Report(575963136, ("DT", -2, 1, 5), "MBwhAst1sec05"))
reports[-1].posNum = 7
reports[-1].negNum = 0
reports[-1].fittype = "6DOF"
reports[-1].add_parameters(ValErr(-0.515433, 0.284583, 0), \
                           ValErr(-3.15953, 2.78528, 0), \
                           ValErr(2.4396, 2.26511, 0), \
                           ValErr(0.00846402, 0.00558269, 0), \
                           ValErr(0.0071328, 0.0025312, 0), \
                           ValErr(-0.00367705, 0.00196401, 0), \
                           18.3484, 7, 7, -nan)
reports[-1].sigmax = ValErr(0.615742, 0.166314, 0)
reports[-1].sigmay = ValErr(0.565015, 0.155512, 0)
reports[-1].sigmadxdz = ValErr(0.00296144, 0.000799801, 0)
reports[-1].sigmadydz = ValErr(0, 0, 0)
reports[-1].add_stats(-0.658742, -0.172592, 0.00222232, 3.76203e-05, -0.406454, -0.174029, 0.00188222, 0.00137064, -0.406454, -0.174029, 0.00188222, 0.00137064, -0.559286, -0.436018, 0.00260871, -0.00525499, -0.559286, -0.436018, 0.00260871, -0.00525499, 0.644088, 0.885444, 0.00298297, 0.0185553, 0.644088, 0.885444, 0.00298297, 0.0185553)
reports[-1].CovMatrix = ['0.0809876','0.444289','-0.363467','0.000583423','0.000105259','-5.25364e-05','-6.22062e-05','-0.00189946','1.06141e-05','0','0','0','0.444289','7.75779','-6.28901','0.00934701','0.000443541','0.000263744','-0.0150083','-0.0158633','0.000159123','0','0','0','-0.363467','-6.28901','5.13072','-0.00752263','-0.00041675','-0.000160512','0.0118457','0.0131121','-0.000128643','0','0','0','0.000583423','0.00934701','-0.00752263','3.11665e-05','6.71463e-06','-3.18505e-06','4.97515e-05','-0.000158037','5.98665e-07','0','0','0','0.000105259','0.000443541','-0.00041675','6.71463e-06','6.407e-06','-4.36323e-06','5.26857e-05','-8.60971e-05','1.99956e-07','0','0','0','-5.25364e-05','0.000263744','-0.000160512','-3.18505e-06','-4.36323e-06','3.85732e-06','-4.64585e-05','5.85326e-05','-8.37742e-08','0','0','0','-6.22062e-05','-0.0150083','0.0118457','4.97515e-05','5.26857e-05','-4.64585e-05','0.0277047','-0.00079443','1.17389e-06','0','0','0','-0.00189946','-0.0158633','0.0131121','-0.000158037','-8.60971e-05','5.85326e-05','-0.00079443','0.0242207','-3.63894e-06','0','0','0','1.06141e-05','0.000159123','-0.000128643','5.98665e-07','1.99956e-07','-8.37742e-08','1.17389e-06','-3.63894e-06','6.40157e-07','0','0','0','0','0','0','0','0','0','0','0','0','0','0','0','0','0','0','0','0','0','0','0','0','0','0','0','0','0','0','0','0','0','0','0','0','0','0','0']

reports.append(Report(576225280, ("DT", -2, 1, 6), "MBwhAst1sec06"))
reports[-1].posNum = 9
reports[-1].negNum = 0
reports[-1].fittype = "6DOF"
reports[-1].add_parameters(ValErr(0.0687215, 0.122332, 0), \
                           ValErr(1.27693, 1.03919, 0), \
                           ValErr(-0.815383, 0.815702, 0), \
                           ValErr(-0.00250552, 0.00204279, 0), \
                           ValErr(-0.000311133, 0.00159301, 0), \
                           ValErr(0.000292797, 0.0013323, 0), \
                           36.1319, 9, 9, -nan)
reports[-1].sigmax = ValErr(0.330319, 0.0798694, 0)
reports[-1].sigmay = ValErr(0.728807, 0.183339, 0)
reports[-1].sigmadxdz = ValErr(0.00106225, 0.000257574, 0)
reports[-1].sigmadydz = ValErr(0, 0, 0)
reports[-1].add_stats(-0.0160103, 0.152484, 0.000550995, -0.00151653, 0.0438531, 0.309347, 0.000145398, -0.0052305, 0.0438531, 0.309347, 0.000145398, -0.0052305, 0.0299433, 0.29984, 0.000417373, -0.0129401, 0.0299433, 0.29984, 0.000417373, -0.0129401, 0.35066, 0.714535, 0.0011865, 0.0439228, 0.35066, 0.714535, 0.0011865, 0.0439228)
reports[-1].CovMatrix = ['0.0149651','0.0362873','-0.0304856','3.47607e-05','2.44904e-05','-1.90474e-05','-0.000147657','-0.00049288','1.48582e-06','0','0','0','0.0362873','1.07991','-0.823574','0.000143246','-0.000553828','0.000475897','-0.0154318','0.0190819','2.35774e-06','0','0','0','-0.0304856','-0.823574','0.66537','-9.72625e-05','0.000387996','-0.000334876','0.0124264','-0.0141971','-2.81901e-06','0','0','0','3.47607e-05','0.000143246','-9.72625e-05','4.173e-06','4.75896e-07','-2.13443e-07','-1.28711e-06','-5.93558e-05','1.12299e-07','0','0','0','2.44904e-05','-0.000553828','0.000387996','4.75896e-07','2.53767e-06','-2.06496e-06','2.57928e-05','-6.05636e-05','3.36073e-08','0','0','0','-1.90474e-05','0.000475897','-0.000334876','-2.13443e-07','-2.06496e-06','1.77502e-06','-2.22273e-05','5.10612e-05','-2.16038e-08','0','0','0','-0.000147657','-0.0154318','0.0124264','-1.28711e-06','2.57928e-05','-2.22273e-05','0.00638337','-0.000443857','5.50997e-07','0','0','0','-0.00049288','0.0190819','-0.0141971','-5.93558e-05','-6.05636e-05','5.10612e-05','-0.000443857','0.0336691','-1.83041e-06','0','0','0','1.48582e-06','2.35774e-06','-2.81901e-06','1.12299e-07','3.36073e-08','-2.16038e-08','5.50997e-07','-1.83041e-06','6.63585e-08','0','0','0','0','0','0','0','0','0','0','0','0','0','0','0','0','0','0','0','0','0','0','0','0','0','0','0','0','0','0','0','0','0','0','0','0','0','0','0']

reports.append(Report(576487424, ("DT", -2, 1, 7), "MBwhAst1sec07"))
reports[-1].posNum = 11
reports[-1].negNum = 0
reports[-1].fittype = "6DOF"
reports[-1].add_parameters(ValErr(0.361544, 0.143537, 0), \
                           ValErr(0.803085, 1.32407, 0), \
                           ValErr(0.187069, 1.06095, 0), \
                           ValErr(-0.0026682, 0.00291418, 0), \
                           ValErr(-0.00540663, 0.00207391, 0), \
                           ValErr(0.00285974, 0.00165037, 0), \
                           34.0265, 11, 11, -nan)
reports[-1].sigmax = ValErr(0.436438, 0.0934789, 0)
reports[-1].sigmay = ValErr(0.87391, 0.214361, 0)
reports[-1].sigmadxdz = ValErr(0.00168466, 0.000375934, 0)
reports[-1].sigmadydz = ValErr(0, 0, 0)
reports[-1].add_stats(0.630875, 1.11487, -0.00261325, -0.0116765, 0.402806, 0.877203, -0.00171483, -0.00538752, 0.402806, 0.877203, -0.00171483, -0.00538752, 0.454223, 0.711624, -0.00206154, -0.0029861, 0.454223, 0.711624, -0.00206154, -0.0029861, 0.428987, 1.10842, 0.00167125, 0.0254995, 0.428987, 1.10842, 0.00167125, 0.0254995)
reports[-1].CovMatrix = ['0.0206029','0.0716329','-0.0595057','4.63939e-05','3.72169e-05','-2.89872e-05','0.000484087','-0.000498933','-2.94677e-06','0','0','0','0.0716329','1.75316','-1.37314','0.00101238','-7.77936e-05','0.000119474','0.023088','0.0220516','-3.90123e-05','0','0','0','-0.0595057','-1.37314','1.12561','-0.000886394','-5.67592e-05','-5.09681e-06','-0.0178225','-0.0106655','3.55579e-05','0','0','0','4.63939e-05','0.00101238','-0.000886394','8.49247e-06','1.79756e-06','-9.44324e-07','1.78306e-05','-0.000183913','-2.02685e-07','0','0','0','3.72169e-05','-7.77936e-05','-5.67592e-05','1.79756e-06','4.3011e-06','-3.30126e-06','-1.97132e-05','-0.000169177','-7.21191e-08','0','0','0','-2.89872e-05','0.000119474','-5.09681e-06','-9.44324e-07','-3.30126e-06','2.72372e-06','1.68902e-05','0.000121324','3.14887e-08','0','0','0','0.000484087','0.023088','-0.0178225','1.78306e-05','-1.97132e-05','1.68902e-05','0.0087444','0.00151491','1.03355e-06','0','0','0','-0.000498933','0.0220516','-0.0106655','-0.000183913','-0.000169177','0.000121324','0.00151491','0.0460392','4.05046e-06','0','0','0','-2.94677e-06','-3.90123e-05','3.55579e-05','-2.02685e-07','-7.21191e-08','3.14887e-08','1.03355e-06','4.05046e-06','1.41366e-07','0','0','0','0','0','0','0','0','0','0','0','0','0','0','0','0','0','0','0','0','0','0','0','0','0','0','0','0','0','0','0','0','0','0','0','0','0','0','0']

reports.append(Report(576749568, ("DT", -2, 1, 8), "MBwhAst1sec08"))
reports[-1].posNum = 5
reports[-1].negNum = 0
reports[-1].fittype = "6DOF"
reports[-1].add_parameters(ValErr(0.199642, 0.484734, 0), \
                           ValErr(0.0736313, 3.71576, 0), \
                           ValErr(-0.0371072, 3.06786, 0), \
                           ValErr(0.00265157, 0.00814595, 0), \
                           ValErr(0.002388, 0.00525234, 0), \
                           ValErr(-0.00258512, 0.00490809, 0), \
                           10.6128, 5, 5, -nan)
reports[-1].sigmax = ValErr(0.637867, 0.202, 0)
reports[-1].sigmay = ValErr(0.926608, 0.375451, 0)
reports[-1].sigmadxdz = ValErr(0.00287002, 0.00112824, 0)
reports[-1].sigmadydz = ValErr(0, 0, 0)
reports[-1].add_stats(0.258567, 0.000933459, -0.000306501, -0.0012581, 0.138557, -0.0331313, -0.000877708, 0.0055702, 0.138557, -0.0331313, -0.000877708, 0.0055702, 0.233843, -0.281228, -0.000833679, 0.00682968, 0.233843, -0.281228, -0.000833679, 0.00682968, 0.67732, 0.888795, 0.00322616, 0.0344809, 0.67732, 0.888795, 0.00322616, 0.0344809)
reports[-1].CovMatrix = ['0.234967','1.42846','-1.18271','0.00219782','-0.000340846','0.000565003','-7.36406e-05','-0.0229808','7.25409e-05','0','0','0','1.42846','13.8069','-11.326','0.0218197','-0.00613836','0.0079039','0.006776','-0.342884','0.00103981','0','0','0','-1.18271','-11.326','9.41177','-0.0181532','0.00538781','-0.00680567','-0.0063707','0.296876','-0.000897479','0','0','0','0.00219782','0.0218197','-0.0181532','6.63565e-05','-2.13598e-05','2.59826e-05','6.05164e-05','-0.00119846','3.45973e-06','0','0','0','-0.000340846','-0.00613836','0.00538781','-2.13598e-05','2.75871e-05','-2.46808e-05','-7.1018e-05','0.00122213','-3.47013e-06','0','0','0','0.000565003','0.0079039','-0.00680567','2.59826e-05','-2.46808e-05','2.40894e-05','6.71601e-05','-0.00114927','3.26434e-06','0','0','0','-7.36406e-05','0.006776','-0.0063707','6.05164e-05','-7.1018e-05','6.71601e-05','0.0408973','-0.00325954','9.16239e-06','0','0','0','-0.0229808','-0.342884','0.296876','-0.00119846','0.00122213','-0.00114927','-0.00325954','0.141759','-0.0001587','0','0','0','7.25409e-05','0.00103981','-0.000897479','3.45973e-06','-3.47013e-06','3.26434e-06','9.16239e-06','-0.0001587','1.27488e-06','0','0','0','0','0','0','0','0','0','0','0','0','0','0','0','0','0','0','0','0','0','0','0','0','0','0','0','0','0','0','0','0','0','0','0','0','0','0','0']

reports.append(Report(577011712, ("DT", -2, 1, 9), "MBwhAst1sec09"))
reports[-1].posNum = 17
reports[-1].negNum = 0
reports[-1].fittype = "6DOF"
reports[-1].add_parameters(ValErr(-0.061021, 0.116785, 0), \
                           ValErr(0.202657, 0.954669, 0), \
                           ValErr(-0.040715, 0.789032, 0), \
                           ValErr(0.000205639, 0.00223418, 0), \
                           ValErr(0.000380809, 0.00124367, 0), \
                           ValErr(-0.000337096, 0.00109281, 0), \
                           64.1464, 17, 17, -nan)
reports[-1].sigmax = ValErr(0.351274, 0.0604774, 0)
reports[-1].sigmay = ValErr(0.575142, 0.0994264, 0)
reports[-1].sigmadxdz = ValErr(0.00161147, 0.000278029, 0)
reports[-1].sigmadydz = ValErr(0, 0, 0)
reports[-1].add_stats(-0.103098, 0.247513, 0.000520758, 0.014714, -0.0768399, 0.149707, 5.85408e-06, 0.00444463, -0.0768399, 0.149707, 5.85408e-06, 0.00444463, -0.0439528, 0.208756, -0.000263928, 0.00808571, -0.0439528, 0.208756, -0.000263928, 0.00808571, 0.352584, 0.57199, 0.00161977, 0.0265743, 0.352584, 0.57199, 0.00161977, 0.0265743)
reports[-1].CovMatrix = ['0.0136387','0.0669219','-0.0560282','6.37446e-05','4.15451e-05','-3.13251e-05','6.92416e-05','0.000367345','-1.29355e-06','0','0','0','0.0669219','0.911393','-0.743654','0.000955043','-3.15804e-05','0.000114742','0.00277029','-0.000756652','-1.01128e-05','0','0','0','-0.0560282','-0.743654','0.622571','-0.000695734','2.5408e-05','-8.56859e-05','-0.00216777','0.000810073','7.33281e-06','0','0','0','6.37446e-05','0.000955043','-0.000695734','4.99157e-06','-2.72982e-08','4.81096e-07','8.45156e-06','6.31797e-06','-5.48226e-08','0','0','0','4.15451e-05','-3.15804e-05','2.5408e-05','-2.72982e-08','1.54673e-06','-1.27104e-06','-4.30071e-06','1.49588e-05','-2.20147e-08','0','0','0','-3.13251e-05','0.000114742','-8.56859e-05','4.81096e-07','-1.27104e-06','1.19424e-06','4.71709e-06','-1.21994e-05','1.26361e-08','0','0','0','6.92416e-05','0.00277029','-0.00216777','8.45156e-06','-4.30071e-06','4.71709e-06','0.00365883','-3.5119e-05','-3.29026e-08','0','0','0','0.000367345','-0.000756652','0.000810073','6.31797e-06','1.49588e-05','-1.21994e-05','-3.5119e-05','0.00989163','-2.83907e-07','0','0','0','-1.29355e-06','-1.01128e-05','7.33281e-06','-5.48226e-08','-2.20147e-08','1.26361e-08','-3.29026e-08','-2.83907e-07','7.73128e-08','0','0','0','0','0','0','0','0','0','0','0','0','0','0','0','0','0','0','0','0','0','0','0','0','0','0','0','0','0','0','0','0','0','0','0','0','0','0','0']

reports.append(Report(577273856, ("DT", -2, 1, 10), "MBwhAst1sec10"))
reports[-1].posNum = 11
reports[-1].negNum = 0
reports[-1].fittype = "6DOF"
reports[-1].add_parameters(ValErr(-0.301502, 0.170021, 0), \
                           ValErr(-0.871392, 1.40704, 0), \
                           ValErr(0.339044, 1.13576, 0), \
                           ValErr(-0.00647421, 0.00347957, 0), \
                           ValErr(-0.00338717, 0.00188023, 0), \
                           ValErr(0.00308519, 0.00139733, 0), \
                           37.7189, 11, 11, -nan)
reports[-1].sigmax = ValErr(0.404298, 0.0882948, 0)
reports[-1].sigmay = ValErr(0.508759, 0.112046, 0)
reports[-1].sigmadxdz = ValErr(0.00223251, 0.000484837, 0)
reports[-1].sigmadydz = ValErr(0, 0, 0)
reports[-1].add_stats(-0.296272, -0.632197, 0.00149962, -0.00167142, -0.265399, -0.424062, 0.00112729, -0.00409275, -0.265399, -0.424062, 0.00112729, -0.00409275, -0.481512, -0.538272, 0.00204441, 0.00275135, -0.481512, -0.538272, 0.00204441, 0.00275135, 0.468367, 0.55489, 0.002382, 0.019315, 0.468367, 0.55489, 0.002382, 0.019315)
reports[-1].CovMatrix = ['0.0289072','0.165592','-0.134325','0.000225756','3.99522e-05','-1.03597e-05','0.000953086','0.000136419','-5.70855e-06','0','0','0','0.165592','1.97977','-1.58821','0.00274298','0.000400408','-6.57422e-05','0.0105966','0.0033251','-7.17462e-05','0','0','0','-0.134325','-1.58821','1.28995','-0.00223151','-0.000289517','2.43638e-05','-0.00826754','-0.00333483','5.92443e-05','0','0','0','0.000225756','0.00274298','-0.00223151','1.21074e-05','3.15848e-06','-1.25553e-06','3.75014e-05','1.68546e-05','-2.76902e-07','0','0','0','3.99522e-05','0.000400408','-0.000289517','3.15848e-06','3.53528e-06','-2.37242e-06','3.25002e-05','-4.02874e-05','-1.2624e-09','0','0','0','-1.03597e-05','-6.57422e-05','2.43638e-05','-1.25553e-06','-2.37242e-06','1.95252e-06','-2.47952e-05','3.4189e-05','-1.35596e-08','0','0','0','0.000953086','0.0105966','-0.00826754','3.75014e-05','3.25002e-05','-2.47952e-05','0.0078012','-0.00037151','-4.1463e-07','0','0','0','0.000136419','0.0033251','-0.00333483','1.68546e-05','-4.02874e-05','3.4189e-05','-0.00037151','0.0125652','-1.46531e-06','0','0','0','-5.70855e-06','-7.17462e-05','5.92443e-05','-2.76902e-07','-1.2624e-09','-1.35596e-08','-4.1463e-07','-1.46531e-06','2.35152e-07','0','0','0','0','0','0','0','0','0','0','0','0','0','0','0','0','0','0','0','0','0','0','0','0','0','0','0','0','0','0','0','0','0','0','0','0','0','0','0']

reports.append(Report(577536000, ("DT", -2, 1, 11), "MBwhAst1sec11"))
reports[-1].posNum = 12
reports[-1].negNum = 0
reports[-1].fittype = "6DOF"
reports[-1].add_parameters(ValErr(0.170504, 0.151701, 0), \
                           ValErr(0.988417, 1.42713, 0), \
                           ValErr(-0.925605, 1.14094, 0), \
                           ValErr(0.000998984, 0.00371318, 0), \
                           ValErr(-0.00258296, 0.00302975, 0), \
                           ValErr(0.00216988, 0.002253, 0), \
                           32.3607, 12, 12, -nan)
reports[-1].sigmax = ValErr(0.466127, 0.105642, 0)
reports[-1].sigmay = ValErr(0.801042, 0.204792, 0)
reports[-1].sigmadxdz = ValErr(0.00255817, 0.00054459, 0)
reports[-1].sigmadydz = ValErr(0, 0, 0)
reports[-1].add_stats(0.222298, -0.00226054, 0.000289677, 0.00186868, 0.0855927, -0.242661, -0.000105619, -0.0103846, 0.0855927, -0.242661, -0.000105619, -0.0103846, 0.0801159, -0.47157, -0.000286564, -0.00952167, 0.0801159, -0.47157, -0.000286564, -0.00952167, 0.537546, 0.724768, 0.00265229, 0.0347128, 0.537546, 0.724768, 0.00265229, 0.0347128)
reports[-1].CovMatrix = ['0.0230132','0.0868271','-0.0663617','1.58979e-05','-7.42132e-05','6.10972e-05','-0.0014244','0.00330581','-2.68246e-06','0','0','0','0.0868271','2.03671','-1.59725','0.00188919','0.000445187','-0.000264736','0.00149211','-0.0150089','4.02379e-05','0','0','0','-0.0663617','-1.59725','1.30175','-0.00190596','-0.000667906','0.000426436','-0.00572365','0.025326','-4.98266e-05','0','0','0','1.58979e-05','0.00188919','-0.00190596','1.37877e-05','5.6133e-06','-3.43104e-06','7.25346e-05','-0.000250066','4.026e-07','0','0','0','-7.42132e-05','0.000445187','-0.000667906','5.6133e-06','9.1794e-06','-6.58379e-06','0.000135055','-0.000372224','4.48036e-07','0','0','0','6.10972e-05','-0.000264736','0.000426436','-3.43104e-06','-6.58379e-06','5.07599e-06','-0.000103341','0.0002718','-3.00822e-07','0','0','0','-0.0014244','0.00149211','-0.00572365','7.25346e-05','0.000135055','-0.000103341','0.0111696','-0.00558539','6.22471e-06','0','0','0','0.00330581','-0.0150089','0.025326','-0.000250066','-0.000372224','0.0002718','-0.00558539','0.0420194','-1.81953e-05','0','0','0','-2.68246e-06','4.02379e-05','-4.98266e-05','4.026e-07','4.48036e-07','-3.00822e-07','6.22471e-06','-1.81953e-05','2.96696e-07','0','0','0','0','0','0','0','0','0','0','0','0','0','0','0','0','0','0','0','0','0','0','0','0','0','0','0','0','0','0','0','0','0','0','0','0','0','0','0']

reports.append(Report(577798144, ("DT", -2, 1, 12), "MBwhAst1sec12"))
reports[-1].posNum = 10
reports[-1].negNum = 0
reports[-1].fittype = "6DOF"
reports[-1].add_parameters(ValErr(-0.180002, 0.16517, 0), \
                           ValErr(2.57963, 2.01645, 0), \
                           ValErr(-2.14117, 1.69279, 0), \
                           ValErr(-0.00622457, 0.00493599, 0), \
                           ValErr(-0.00105068, 0.00273058, 0), \
                           ValErr(0.00171952, 0.00234275, 0), \
                           30.1453, 10, 10, -nan)
reports[-1].sigmax = ValErr(0.407964, 0.0967115, 0)
reports[-1].sigmay = ValErr(1.17377, 0.294856, 0)
reports[-1].sigmadxdz = ValErr(0.00145193, 0.000363064, 0)
reports[-1].sigmadydz = ValErr(0, 0, 0)
reports[-1].add_stats(-0.234221, -0.21304, 0.00201074, -0.000425001, -0.208911, 0.180602, 0.00123516, -0.000310067, -0.208911, 0.180602, 0.00123516, -0.000310067, -0.197926, 0.185337, 0.000981425, -0.00515887, -0.197926, 0.185337, 0.000981425, -0.00515887, 0.478164, 1.02683, 0.00178301, 0.0222757, 0.478164, 1.02683, 0.00178301, 0.0222757)
reports[-1].CovMatrix = ['0.027281','0.138884','-0.12883','2.35504e-05','0.000222128','-0.000191282','-0.00283143','0.00681611','1.71269e-06','0','0','0','0.138884','4.06606','-3.33618','0.00220823','0.000579837','-0.000419986','-0.0606647','0.114266','7.50212e-05','0','0','0','-0.12883','-3.33618','2.86553','-0.00126343','-0.000845319','0.000682504','0.0524909','-0.114811','-4.50847e-05','0','0','0','2.35504e-05','0.00220823','-0.00126343','2.4364e-05','-6.77436e-08','1.04512e-06','-4.39053e-05','-0.000518011','8.00032e-07','0','0','0','0.000222128','0.000579837','-0.000845319','-6.77436e-08','7.45608e-06','-6.28464e-06','-3.50007e-05','7.75666e-05','2.85531e-08','0','0','0','-0.000191282','-0.000419986','0.000682504','1.04512e-06','-6.28464e-06','5.48849e-06','2.84646e-05','-8.79261e-05','7.72883e-09','0','0','0','-0.00283143','-0.0606647','0.0524909','-4.39053e-05','-3.50007e-05','2.84646e-05','0.00936057','-0.00170024','-1.58998e-06','0','0','0','0.00681611','0.114266','-0.114811','-0.000518011','7.75666e-05','-8.79261e-05','-0.00170024','0.0871846','-1.66887e-05','0','0','0','1.71269e-06','7.50212e-05','-4.50847e-05','8.00032e-07','2.85531e-08','7.72883e-09','-1.58998e-06','-1.66887e-05','1.31856e-07','0','0','0','0','0','0','0','0','0','0','0','0','0','0','0','0','0','0','0','0','0','0','0','0','0','0','0','0','0','0','0','0','0','0','0','0','0','0','0']

reports.append(Report(579108864, ("DT", -2, 2, 1), "MBwhAst2sec01"))
reports[-1].posNum = 12
reports[-1].negNum = 0
reports[-1].fittype = "6DOF"
reports[-1].add_parameters(ValErr(0.29688, 0.196385, 0), \
                           ValErr(-0.520368, 1.77222, 0), \
                           ValErr(0.831707, 1.70317, 0), \
                           ValErr(0.00848307, 0.00519664, 0), \
                           ValErr(-0.00229797, 0.00195924, 0), \
                           ValErr(0.00115471, 0.00191812, 0), \
                           27.7967, 12, 12, -nan)
reports[-1].sigmax = ValErr(0.66996, 0.14582, 0)
reports[-1].sigmay = ValErr(0.722085, 0.165296, 0)
reports[-1].sigmadxdz = ValErr(0.00288927, 0.000641572, 0)
reports[-1].sigmadydz = ValErr(0, 0, 0)
reports[-1].add_stats(0.568982, 0.503868, -0.000867872, -0.00234271, 0.317219, 0.316184, -0.00119023, -0.00962564, 0.317219, 0.316184, -0.00119023, -0.00962564, 0.439327, 0.490063, -0.00211281, -0.0087438, 0.439327, 0.490063, -0.00211281, -0.0087438, 0.712431, 0.696487, 0.00342391, 0.018164, 0.712431, 0.696487, 0.00342391, 0.018164)
reports[-1].CovMatrix = ['0.0385671','0.00249848','4.51743e-05','-1.65759e-05','6.33881e-05','-6.43085e-05','0.000766282','0.00117175','1.43319e-06','0','0','0','0.00249848','3.14076','-2.99396','0.00344705','0.000442257','-0.000457454','0.0819031','0.0483458','-0.000159682','0','0','0','4.51743e-05','-2.99396','2.90077','-0.00319024','-0.00029811','0.000314206','-0.0778522','-0.0466808','0.000148986','0','0','0','-1.65759e-05','0.00344705','-0.00319024','2.7005e-05','-1.50451e-06','1.29715e-06','6.43078e-05','-0.000257985','-1.3046e-06','0','0','0','6.33881e-05','0.000442257','-0.00029811','-1.50451e-06','3.83862e-06','-3.42183e-06','4.82637e-05','8.20028e-05','1.19688e-07','0','0','0','-6.43085e-05','-0.000457454','0.000314206','1.29715e-06','-3.42183e-06','3.6792e-06','-5.10648e-05','-7.83297e-05','-9.25223e-08','0','0','0','0.000766282','0.0819031','-0.0778522','6.43078e-05','4.82637e-05','-5.10648e-05','0.0212877','0.0021402','-2.60936e-06','0','0','0','0.00117175','0.0483458','-0.0466808','-0.000257985','8.20028e-05','-7.83297e-05','0.0021402','0.0273599','1.32021e-05','0','0','0','1.43319e-06','-0.000159682','0.000148986','-1.3046e-06','1.19688e-07','-9.25223e-08','-2.60936e-06','1.32021e-05','4.11816e-07','0','0','0','0','0','0','0','0','0','0','0','0','0','0','0','0','0','0','0','0','0','0','0','0','0','0','0','0','0','0','0','0','0','0','0','0','0','0','0']

reports.append(Report(579371008, ("DT", -2, 2, 2), "MBwhAst2sec02"))
reports[-1].posNum = 11
reports[-1].negNum = 0
reports[-1].fittype = "6DOF"
reports[-1].add_parameters(ValErr(0.103598, 0.161053, 0), \
                           ValErr(0.934596, 1.01436, 0), \
                           ValErr(-1.02819, 0.945215, 0), \
                           ValErr(-0.000599954, 0.00233467, 0), \
                           ValErr(-0.00348346, 0.00154675, 0), \
                           ValErr(0.00270198, 0.00152074, 0), \
                           36.3507, 11, 11, -nan)
reports[-1].sigmax = ValErr(0.460647, 0.100134, 0)
reports[-1].sigmay = ValErr(0.9344, 0.201904, 0)
reports[-1].sigmadxdz = ValErr(0.00120825, 0.000257714, 0)
reports[-1].sigmadydz = ValErr(0, 0, 0)
reports[-1].add_stats(0.0819778, -0.236489, -0.000559056, -0.000234767, 0.245651, -0.234339, -0.00085442, -0.000576818, 0.245651, -0.234339, -0.00085442, -0.000576818, 0.369792, -0.341606, -0.000954789, 0.00446895, 0.369792, -0.341606, -0.000954789, 0.00446895, 0.533082, 0.977278, 0.00123209, 0.0201675, 0.533082, 0.977278, 0.00123209, 0.0201675)
reports[-1].CovMatrix = ['0.0259379','-0.0757218','0.0719637','-1.64048e-05','5.24011e-05','-5.07599e-05','0.000860224','-0.00151201','-2.58434e-07','0','0','0','-0.0757218','1.02893','-0.919417','0.000260152','-0.000191679','0.000173915','-0.00474387','0.0089421','7.92877e-07','0','0','0','0.0719637','-0.919417','0.89343','-0.000230125','9.95747e-05','-8.52829e-05','0.00353059','-0.00678545','-3.4481e-07','0','0','0','-1.64048e-05','0.000260152','-0.000230125','5.4507e-06','-3.96939e-07','-5.76773e-08','-6.53485e-07','4.16929e-06','-3.41538e-09','0','0','0','5.24011e-05','-0.000191679','9.95747e-05','-3.96939e-07','2.39242e-06','-2.27067e-06','2.97006e-05','-5.14054e-05','-1.13797e-08','0','0','0','-5.07599e-05','0.000173915','-8.52829e-05','-5.76773e-08','-2.27067e-06','2.31266e-06','-2.9733e-05','5.06578e-05','1.2476e-08','0','0','0','0.000860224','-0.00474387','0.00353059','-6.53485e-07','2.97006e-05','-2.9733e-05','0.0100345','-0.000669267','-1.57693e-07','0','0','0','-0.00151201','0.0089421','-0.00678545','4.16929e-06','-5.14054e-05','5.06578e-05','-0.000669267','0.0408309','2.64253e-07','0','0','0','-2.58434e-07','7.92877e-07','-3.4481e-07','-3.41538e-09','-1.13797e-08','1.2476e-08','-1.57693e-07','2.64253e-07','6.64289e-08','0','0','0','0','0','0','0','0','0','0','0','0','0','0','0','0','0','0','0','0','0','0','0','0','0','0','0','0','0','0','0','0','0','0','0','0','0','0','0']

reports.append(Report(579633152, ("DT", -2, 2, 3), "MBwhAst2sec03"))
reports[-1].posNum = 10
reports[-1].negNum = 0
reports[-1].fittype = "6DOF"
reports[-1].add_parameters(ValErr(-0.266674, 0.10486, 0), \
                           ValErr(1.3498, 1.00289, 0), \
                           ValErr(-1.04912, 0.698088, 0), \
                           ValErr(0.00524797, 0.00444696, 0), \
                           ValErr(-0.00268143, 0.00185385, 0), \
                           ValErr(0.00347564, 0.00169077, 0), \
                           24.6578, 10, 10, -nan)
reports[-1].sigmax = ValErr(0.274329, 0.0611952, 0)
reports[-1].sigmay = ValErr(2.02477, 0.455539, 0)
reports[-1].sigmadxdz = ValErr(0.00216696, 0.000499196, 0)
reports[-1].sigmadydz = ValErr(0, 0, 0)
reports[-1].add_stats(-0.218175, 1.23147, 0.0013054, -0.00940643, -0.212128, 0.212791, 0.00126262, -0.0142249, -0.212128, 0.212791, 0.00126262, -0.0142249, -0.131206, 0.162384, 0.00179578, -0.0188871, -0.131206, 0.162384, 0.00179578, -0.0188871, 0.340385, 1.95478, 0.00237066, 0.0226968, 0.340385, 1.95478, 0.00237066, 0.0226968)
reports[-1].CovMatrix = ['0.0109956','-0.0399144','0.0363726','7.82308e-05','5.49072e-05','-5.36141e-05','8.20904e-05','-0.000995586','2.55042e-06','0','0','0','-0.0399144','1.00579','-0.534014','-0.000181939','-0.000651394','0.000664998','-0.00301154','0.0227265','-2.63854e-05','0','0','0','0.0363726','-0.534014','0.487326','-6.71502e-05','0.000535786','-0.000535996','0.00348953','-0.0177065','1.61779e-05','0','0','0','7.82308e-05','-0.000181939','-6.71502e-05','1.97755e-05','-1.20548e-06','-4.59606e-07','-3.73893e-05','-1.74597e-05','3.55418e-07','0','0','0','5.49072e-05','-0.000651394','0.000535786','-1.20548e-06','3.43677e-06','-2.84252e-06','1.11876e-05','-0.000112786','9.55049e-08','0','0','0','-5.36141e-05','0.000664998','-0.000535996','-4.59606e-07','-2.84252e-06','2.8587e-06','-7.97037e-06','0.000107932','-9.94645e-08','0','0','0','8.20904e-05','-0.00301154','0.00348953','-3.73893e-05','1.11876e-05','-7.97037e-06','0.00374661','0.000976446','-2.31064e-07','0','0','0','-0.000995586','0.0227265','-0.0177065','-1.74597e-05','-0.000112786','0.000107932','0.000976446','0.208411','-3.99719e-07','0','0','0','2.55042e-06','-2.63854e-05','1.61779e-05','3.55418e-07','9.55049e-08','-9.94645e-08','-2.31064e-07','-3.99719e-07','2.49294e-07','0','0','0','0','0','0','0','0','0','0','0','0','0','0','0','0','0','0','0','0','0','0','0','0','0','0','0','0','0','0','0','0','0','0','0','0','0','0','0']

reports.append(Report(579895296, ("DT", -2, 2, 4), "MBwhAst2sec04"))
reports[-1].posNum = 14
reports[-1].negNum = 0
