nan = None;  NAN = None
nan = 0
reports = []
class ValErr:
    def __init__(self, value, error, antisym):
        self.value, self.error, self.antisym = value, error, antisym

    def __repr__(self):
        if self.antisym == 0.:
            return "%g +- %g" % (self.value, self.error)
        else:
            return "%g +- %g ~ %g" % (self.value, self.error, self.antisym)

class Report:
    def __init__(self, chamberId, postal_address, name):
        self.chamberId, self.postal_address, self.name = chamberId, postal_address, name
        self.status = "NOFIT"
        self.fittype = None
        self.CovMatrix = None

    def add_parameters(self, deltax, deltay, deltaz, deltaphix, deltaphiy, deltaphiz, loglikelihood, numsegments, sumofweights, redchi2):
        self.status = "PASS"
        self.deltax, self.deltay, self.deltaz, self.deltaphix, self.deltaphiy, self.deltaphiz = deltax, deltay, deltaz, deltaphix, deltaphiy, deltaphiz
        self.loglikelihood, self.numsegments, self.sumofweights, self.redchi2 = loglikelihood, numsegments, sumofweights, redchi2

    def add_stats(self, median_x, median_y, median_dxdz, median_dydz, mean30_x, mean30_y, mean20_dxdz, mean50_dydz, mean15_x, mean15_y, mean10_dxdz, mean25_dydz, wmean30_x, wmean30_y, wmean20_dxdz, wmean50_dydz, wmean15_x, wmean15_y, wmean10_dxdz, wmean25_dydz, stdev30_x, stdev30_y, stdev20_dxdz, stdev50_dydz, stdev15_x, stdev15_y, stdev10_dxdz, stdev25_dydz):
        self.median_x, self.median_y, self.median_dxdz, self.median_dydz, self.mean30_x, self.mean30_y, self.mean20_dxdz, self.mean50_dydz, self.mean15_x, self.mean15_y, self.mean10_dxdz, self.mean25_dydz, self.wmean30_x, self.wmean30_y, self.wmean20_dxdz, self.wmean50_dydz, self.wmean15_x, self.wmean15_y, self.wmean10_dxdz, self.wmean25_dydz, self.stdev30_x, self.stdev30_y, self.stdev20_dxdz, self.stdev50_dydz, self.stdev15_x, self.stdev15_y, self.stdev10_dxdz, self.stdev25_dydz = median_x, median_y, median_dxdz, median_dydz, mean30_x, mean30_y, mean20_dxdz, mean50_dydz, mean15_x, mean15_y, mean10_dxdz, mean25_dydz, wmean30_x, wmean30_y, wmean20_dxdz, wmean50_dydz, wmean15_x, wmean15_y, wmean10_dxdz, wmean25_dydz, stdev30_x, stdev30_y, stdev20_dxdz, stdev50_dydz, stdev15_x, stdev15_y, stdev10_dxdz, stdev25_dydz

    def __repr__(self):
        return "<Report %s %s %s>" % (self.postal_address[0], " ".join(map(str, self.postal_address[1:])), self.status)

reports.append(Report(574914560, ("DT", -2, 1, 1), "MBwhAst1sec01"))
reports[-1].posNum = 64
reports[-1].negNum = 0
reports[-1].fittype = "6DOF"
reports[-1].add_parameters(ValErr(-0.12203, 0.0939096, 0), \
                           ValErr(-0.168986, 0.810093, 0), \
                           ValErr(0.365084, 0.65691, 0), \
                           ValErr(0.000691913, 0.00181429, 0), \
                           ValErr(-0.000431949, 0.00107221, 0), \
                           ValErr(0.00097928, 0.000890747, 0), \
                           134.388, 64, 64, -nan)
reports[-1].sigmax = ValErr(0.62945, 0.0562194, 0)
reports[-1].sigmay = ValErr(0.9648, 0.0869731, 0)
reports[-1].sigmadxdz = ValErr(0.0028573, 0.000254221, 0)
reports[-1].sigmadydz = ValErr(0, 0, 0)
reports[-1].add_stats(-0.0720281, 0.302228, 0.000943591, -0.00312214, -0.082584, 0.259081, 0.00060229, -0.00153372, -0.082584, 0.259081, 0.00060229, -0.00153372, -0.0531233, 0.299755, 0.000432487, -0.00755899, -0.0531233, 0.299755, 0.000432487, -0.00755899, 0.636119, 0.970824, 0.00286035, 0.0319454, 0.636119, 0.970824, 0.00286035, 0.0319454)
reports[-1].CovMatrix = ['0.00881901','0.039315','-0.0323718','3.67874e-05','1.38635e-05','-8.98301e-06','-0.000139395','7.4099e-06','6.35932e-07','0','0','0','0.039315','0.65625','-0.526105','0.000585557','-2.63511e-05','6.58393e-05','-0.00383685','0.00323201','8.04342e-06','0','0','0','-0.0323718','-0.526105','0.43153','-0.000463124','1.2369e-05','-4.50775e-05','0.0031052','-0.00263408','-6.43667e-06','0','0','0','3.67874e-05','0.000585557','-0.000463124','3.29164e-06','1.59337e-07','1.20517e-07','-3.85018e-07','-1.54082e-05','4.80344e-08','0','0','0','1.38635e-05','-2.63511e-05','1.2369e-05','1.59337e-07','1.14963e-06','-8.92044e-07','6.55708e-06','-1.45671e-05','1.34479e-08','0','0','0','-8.98301e-06','6.58393e-05','-4.50775e-05','1.20517e-07','-8.92044e-07','7.93429e-07','-5.8763e-06','1.07524e-05','-5.1259e-09','0','0','0','-0.000139395','-0.00383685','0.0031052','-3.85018e-07','6.55708e-06','-5.8763e-06','0.00316118','-0.000115607','4.29245e-08','0','0','0','7.4099e-06','0.00323201','-0.00263408','-1.54082e-05','-1.45671e-05','1.07524e-05','-0.000115607','0.00756651','-3.49409e-07','0','0','0','6.35932e-07','8.04342e-06','-6.43667e-06','4.80344e-08','1.34479e-08','-5.1259e-09','4.29245e-08','-3.49409e-07','6.46334e-08','0','0','0','0','0','0','0','0','0','0','0','0','0','0','0','0','0','0','0','0','0','0','0','0','0','0','0','0','0','0','0','0','0','0','0','0','0','0','0']

reports.append(Report(575176704, ("DT", -2, 1, 2), "MBwhAst1sec02"))
reports[-1].posNum = 64
reports[-1].negNum = 0
reports[-1].fittype = "6DOF"
reports[-1].add_parameters(ValErr(-0.189981, 0.0933599, 0), \
                           ValErr(0.0552479, 0.772671, 0), \
                           ValErr(-0.2833, 0.621767, 0), \
                           ValErr(-0.000846805, 0.00198671, 0), \
                           ValErr(0.000711427, 0.00117944, 0), \
                           ValErr(0.000155095, 0.00097857, 0), \
                           124.972, 64, 64, -nan)
reports[-1].sigmax = ValErr(0.573193, 0.0506934, 0)
reports[-1].sigmay = ValErr(1.14784, 0.101701, 0)
reports[-1].sigmadxdz = ValErr(0.00305588, 0.000270567, 0)
reports[-1].sigmadydz = ValErr(0, 0, 0)
reports[-1].add_stats(-0.243202, -0.306953, 0.0014317, 0.00997697, -0.21718, -0.281783, 0.000979864, 0.0094401, -0.21718, -0.281783, 0.000979864, 0.0094401, -0.210973, -0.402275, 0.000975965, 0.010268, -0.210973, -0.402275, 0.000975965, 0.010268, 0.574169, 1.15152, 0.00306672, 0.0246802, 0.574169, 1.15152, 0.00306672, 0.0246802)
reports[-1].CovMatrix = ['0.00871608','0.0437794','-0.0358121','3.90932e-05','1.7723e-05','-1.13705e-05','-1.78422e-05','-9.71404e-05','3.81285e-07','0','0','0','0.0437794','0.597021','-0.471961','0.000511553','-9.55036e-06','5.41751e-05','-0.000550036','0.00013841','2.76517e-06','0','0','0','-0.0358121','-0.471961','0.386594','-0.000394583','1.13682e-05','-4.49968e-05','0.000441585','-0.000149896','-2.09601e-06','0','0','0','3.90932e-05','0.000511553','-0.000394583','3.94701e-06','1.77219e-07','2.21801e-07','-2.11992e-06','-4.34964e-06','2.36487e-08','0','0','0','1.7723e-05','-9.55036e-06','1.13682e-05','1.77219e-07','1.39108e-06','-1.0752e-06','1.43447e-06','-8.01994e-06','1.38138e-08','0','0','0','-1.13705e-05','5.41751e-05','-4.49968e-05','2.21801e-07','-1.0752e-06','9.57599e-07','-1.44013e-06','6.14867e-06','-8.66132e-09','0','0','0','-1.78422e-05','-0.000550036','0.000441585','-2.11992e-06','1.43447e-06','-1.44013e-06','0.00257023','-6.88447e-06','1.38245e-09','0','0','0','-9.71404e-05','0.00013841','-0.000149896','-4.34964e-06','-8.01994e-06','6.14867e-06','-6.88447e-06','0.0103467','-9.81622e-08','0','0','0','3.81285e-07','2.76517e-06','-2.09601e-06','2.36487e-08','1.38138e-08','-8.66132e-09','1.38245e-09','-9.81622e-08','7.32128e-08','0','0','0','0','0','0','0','0','0','0','0','0','0','0','0','0','0','0','0','0','0','0','0','0','0','0','0','0','0','0','0','0','0','0','0','0','0','0','0']

reports.append(Report(575438848, ("DT", -2, 1, 3), "MBwhAst1sec03"))
reports[-1].posNum = 58
reports[-1].negNum = 0
reports[-1].fittype = "6DOF"
reports[-1].add_parameters(ValErr(-0.0685965, 0.0888924, 0), \
                           ValErr(0.222118, 0.72772, 0), \
                           ValErr(-0.351149, 0.58609, 0), \
                           ValErr(0.00226037, 0.00159531, 0), \
                           ValErr(-0.000276887, 0.000949006, 0), \
                           ValErr(0.00119298, 0.00078717, 0), \
                           153.277, 58, 58, -nan)
reports[-1].sigmax = ValErr(0.488707, 0.0454154, 0)
reports[-1].sigmay = ValErr(0.837393, 0.0777587, 0)
reports[-1].sigmadxdz = ValErr(0.002464, 0.000228857, 0)
reports[-1].sigmadydz = ValErr(0, 0, 0)
reports[-1].add_stats(0.0166786, -0.164564, 0.000758551, 0.00205644, -0.100294, -0.201033, 0.00086801, 0.00167117, -0.100294, -0.201033, 0.00086801, 0.00167117, -0.0952293, -0.163979, 0.000522712, 0.00456916, -0.0952293, -0.163979, 0.000522712, 0.00456916, 0.496288, 0.844274, 0.00247841, 0.0296771, 0.496288, 0.844274, 0.00247841, 0.0296771)
reports[-1].CovMatrix = ['0.00790185','0.0439482','-0.0357516','4.73627e-05','4.31641e-06','1.43497e-06','-9.1074e-06','-1.59579e-05','1.2667e-07','0','0','0','0.0439482','0.529577','-0.421579','0.000541594','-2.81196e-05','7.92499e-05','-0.000253581','-3.04402e-05','1.60856e-06','0','0','0','-0.0357516','-0.421579','0.343502','-0.000442396','2.97835e-05','-7.02263e-05','0.000218121','1.65003e-05','-1.32753e-06','0','0','0','4.73627e-05','0.000541594','-0.000442396','2.54503e-06','3.28491e-08','2.40338e-07','-1.57735e-06','4.80992e-07','7.24205e-09','0','0','0','4.31641e-06','-2.81196e-05','2.97835e-05','3.28491e-08','9.00612e-07','-6.88876e-07','1.26593e-06','-1.72026e-06','-1.24093e-09','0','0','0','1.43497e-06','7.92499e-05','-7.02263e-05','2.40338e-07','-6.88876e-07','6.19636e-07','-1.33685e-06','1.42596e-06','2.60519e-09','0','0','0','-9.1074e-06','-0.000253581','0.000218121','-1.57735e-06','1.26593e-06','-1.33685e-06','0.00206286','-2.99901e-06','-9.13787e-09','0','0','0','-1.59579e-05','-3.04402e-05','1.65003e-05','4.80992e-07','-1.72026e-06','1.42596e-06','-2.99901e-06','0.006048','4.6635e-09','0','0','0','1.2667e-07','1.60856e-06','-1.32753e-06','7.24205e-09','-1.24093e-09','2.60519e-09','-9.13787e-09','4.6635e-09','5.23793e-08','0','0','0','0','0','0','0','0','0','0','0','0','0','0','0','0','0','0','0','0','0','0','0','0','0','0','0','0','0','0','0','0','0','0','0','0','0','0','0']

reports.append(Report(575700992, ("DT", -2, 1, 4), "MBwhAst1sec04"))
reports[-1].posNum = 65
reports[-1].negNum = 0
reports[-1].fittype = "6DOF"
reports[-1].add_parameters(ValErr(0.0402585, 0.0782632, 0), \
                           ValErr(-0.253544, 0.753178, 0), \
                           ValErr(0.200395, 0.611927, 0), \
                           ValErr(-0.00187914, 0.00194048, 0), \
                           ValErr(-0.00166925, 0.0011129, 0), \
                           ValErr(0.00095091, 0.00093998, 0), \
                           145.777, 65, 65, -nan)
reports[-1].sigmax = ValErr(0.544849, 0.0479001, 0)
reports[-1].sigmay = ValErr(0.995565, 0.0878908, 0)
reports[-1].sigmadxdz = ValErr(0.00277308, 0.000243531, 0)
reports[-1].sigmadydz = ValErr(0, 0, 0)
reports[-1].add_stats(0.0824456, -0.0155994, -0.000557376, -0.0049438, 0.0786939, -0.0294074, -0.000446974, -0.00116085, 0.0786939, -0.0294074, -0.000446974, -0.00116085, 0.0827166, -0.00182863, -0.000308642, -0.000681217, 0.0827166, -0.00182863, -0.000308642, -0.000681217, 0.552257, 0.993639, 0.0027947, 0.0215206, 0.552257, 0.993639, 0.0027947, 0.0215206)
reports[-1].CovMatrix = ['0.00612513','0.0231327','-0.0198018','1.91729e-05','2.26766e-05','-1.86971e-05','5.1985e-05','-0.000169365','2.26729e-07','0','0','0','0.0231327','0.567277','-0.453375','0.000455051','-7.97383e-05','9.14713e-05','-0.000600008','0.00164517','-1.37815e-06','0','0','0','-0.0198018','-0.453375','0.374455','-0.000315951','3.04645e-05','-4.28615e-05','0.000419535','-0.00104908','6.87667e-07','0','0','0','1.91729e-05','0.000455051','-0.000315951','3.76546e-06','3.20425e-08','1.73731e-07','1.25168e-06','-6.52019e-07','-3.89125e-09','0','0','0','2.26766e-05','-7.97383e-05','3.04645e-05','3.20425e-08','1.23856e-06','-9.91177e-07','3.51093e-06','-1.11451e-05','1.32376e-08','0','0','0','-1.86971e-05','9.14713e-05','-4.28615e-05','1.73731e-07','-9.91177e-07','8.83562e-07','-2.87815e-06','9.25412e-06','-1.10917e-08','0','0','0','5.1985e-05','-0.000600008','0.000419535','1.25168e-06','3.51093e-06','-2.87815e-06','0.00229476','-3.32664e-05','3.6665e-08','0','0','0','-0.000169365','0.00164517','-0.00104908','-6.52019e-07','-1.11451e-05','9.25412e-06','-3.32664e-05','0.00772701','-1.19925e-07','0','0','0','2.26729e-07','-1.37815e-06','6.87667e-07','-3.89125e-09','1.32376e-08','-1.10917e-08','3.6665e-08','-1.19925e-07','5.93116e-08','0','0','0','0','0','0','0','0','0','0','0','0','0','0','0','0','0','0','0','0','0','0','0','0','0','0','0','0','0','0','0','0','0','0','0','0','0','0','0']

reports.append(Report(575963136, ("DT", -2, 1, 5), "MBwhAst1sec05"))
reports[-1].posNum = 58
reports[-1].negNum = 0
reports[-1].fittype = "6DOF"
reports[-1].add_parameters(ValErr(0.0681055, 0.0791456, 0), \
                           ValErr(-0.235503, 0.742409, 0), \
                           ValErr(0.414156, 0.599288, 0), \
                           ValErr(-0.000181545, 0.00178041, 0), \
                           ValErr(-0.0018538, 0.00110268, 0), \
                           ValErr(0.00119118, 0.000910385, 0), \
                           138.229, 58, 58, -nan)
reports[-1].sigmax = ValErr(0.50816, 0.0475401, 0)
reports[-1].sigmay = ValErr(1.1175, 0.105758, 0)
reports[-1].sigmadxdz = ValErr(0.00230141, 0.000216662, 0)
reports[-1].sigmadydz = ValErr(0, 0, 0)
reports[-1].add_stats(0.175443, 0.206875, -0.000537321, -0.00918093, 0.120026, 0.225413, -0.000462094, -0.00609451, 0.120026, 0.225413, -0.000462094, -0.00609451, 0.15378, 0.097828, -0.000465503, -0.0031419, 0.15378, 0.097828, -0.000465503, -0.0031419, 0.510725, 1.12553, 0.00231897, 0.0277722, 0.510725, 1.12553, 0.00231897, 0.0277722)
reports[-1].CovMatrix = ['0.00626403','0.0276257','-0.0231333','1.97968e-05','1.95742e-05','-1.53755e-05','-0.00020258','0.000195703','5.31531e-07','0','0','0','0.0276257','0.551172','-0.43569','0.000382649','-2.07001e-05','3.99695e-05','-0.00417948','0.00579711','7.12591e-06','0','0','0','-0.0231333','-0.43569','0.359146','-0.000285755','-4.11744e-06','-1.35409e-05','0.00344038','-0.00494876','-5.47644e-06','0','0','0','1.97968e-05','0.000382649','-0.000285755','3.16985e-06','1.78825e-07','6.1856e-08','-1.4002e-06','-2.66877e-05','6.18529e-08','0','0','0','1.95742e-05','-2.07001e-05','-4.11744e-06','1.78825e-07','1.21591e-06','-9.585e-07','9.61641e-07','-8.45153e-06','1.31265e-08','0','0','0','-1.53755e-05','3.99695e-05','-1.35409e-05','6.1856e-08','-9.585e-07','8.288e-07','-9.21267e-07','5.11545e-06','-6.34938e-09','0','0','0','-0.00020258','-0.00417948','0.00344038','-1.4002e-06','9.61641e-07','-9.21267e-07','0.00226042','-6.66017e-05','-1.91451e-08','0','0','0','0.000195703','0.00579711','-0.00494876','-2.66877e-05','-8.45153e-06','5.11545e-06','-6.66017e-05','0.0111889','-5.76059e-07','0','0','0','5.31531e-07','7.12591e-06','-5.47644e-06','6.18529e-08','1.31265e-08','-6.34938e-09','-1.91451e-08','-5.76059e-07','4.69457e-08','0','0','0','0','0','0','0','0','0','0','0','0','0','0','0','0','0','0','0','0','0','0','0','0','0','0','0','0','0','0','0','0','0','0','0','0','0','0','0']

reports.append(Report(576225280, ("DT", -2, 1, 6), "MBwhAst1sec06"))
reports[-1].posNum = 70
reports[-1].negNum = 0
reports[-1].fittype = "6DOF"
reports[-1].add_parameters(ValErr(-0.0133102, 0.0765905, 0), \
                           ValErr(0.13056, 0.658874, 0), \
                           ValErr(-0.117074, 0.531073, 0), \
                           ValErr(-0.00244945, 0.00159312, 0), \
                           ValErr(0.000587997, 0.000908347, 0), \
                           ValErr(-0.000496997, 0.000762699, 0), \
                           170.605, 70, 70, -nan)
reports[-1].sigmax = ValErr(0.494371, 0.0419145, 0)
reports[-1].sigmay = ValErr(0.952555, 0.0808114, 0)
reports[-1].sigmadxdz = ValErr(0.00262914, 0.00022243, 0)
reports[-1].sigmadydz = ValErr(0, 0, 0)
reports[-1].add_stats(-0.010458, 0.06184, 0.000164902, 0.000830942, -0.0271416, 0.000570906, 0.000220214, 0.00238191, -0.0271416, 0.000570906, 0.000220214, 0.00238191, 0.0366855, 0.0272733, -5.98551e-05, 0.00224376, 0.0366855, 0.0272733, -5.98551e-05, 0.00224376, 0.495919, 0.960951, 0.00266534, 0.0257759, 0.495919, 0.960951, 0.00266534, 0.0257759)
reports[-1].CovMatrix = ['0.0058661','0.0308916','-0.0252968','3.14644e-05','6.48359e-06','-2.53762e-06','-3.96321e-05','1.75467e-05','1.84839e-07','0','0','0','0.0308916','0.434115','-0.344627','0.000418324','-3.75559e-05','6.90987e-05','-0.000974081','0.00101329','2.56097e-06','0','0','0','-0.0252968','-0.344627','0.282039','-0.0003345','2.88694e-05','-5.43654e-05','0.000796135','-0.000838116','-2.04829e-06','0','0','0','3.14644e-05','0.000418324','-0.0003345','2.53804e-06','-3.9264e-08','2.57872e-07','3.02461e-07','-5.91564e-06','1.52921e-08','0','0','0','6.48359e-06','-3.75559e-05','2.88694e-05','-3.9264e-08','8.25094e-07','-6.41488e-07','2.48001e-06','-4.74622e-06','-2.4582e-11','0','0','0','-2.53762e-06','6.90987e-05','-5.43654e-05','2.57872e-07','-6.41488e-07','5.8171e-07','-2.18808e-06','3.30303e-06','2.57484e-09','0','0','0','-3.96321e-05','-0.000974081','0.000796135','3.02461e-07','2.48001e-06','-2.18808e-06','0.00175705','-2.07499e-05','-3.17389e-09','0','0','0','1.75467e-05','0.00101329','-0.000838116','-5.91564e-06','-4.74622e-06','3.30303e-06','-2.07499e-05','0.00653213','-3.37908e-08','0','0','0','1.84839e-07','2.56097e-06','-2.04829e-06','1.52921e-08','-2.4582e-11','2.57484e-09','-3.17389e-09','-3.37908e-08','4.94783e-08','0','0','0','0','0','0','0','0','0','0','0','0','0','0','0','0','0','0','0','0','0','0','0','0','0','0','0','0','0','0','0','0','0','0','0','0','0','0','0']

reports.append(Report(576487424, ("DT", -2, 1, 7), "MBwhAst1sec07"))
reports[-1].posNum = 62
reports[-1].negNum = 0
reports[-1].fittype = "6DOF"
reports[-1].add_parameters(ValErr(-0.133963, 0.0886779, 0), \
                           ValErr(0.307976, 0.710864, 0), \
                           ValErr(-0.299557, 0.576886, 0), \
                           ValErr(-0.00224318, 0.00154271, 0), \
                           ValErr(-0.000846627, 0.000949163, 0), \
                           ValErr(0.0009467, 0.000784579, 0), \
                           156.053, 62, 62, -nan)
reports[-1].sigmax = ValErr(0.555229, 0.050758, 0)
reports[-1].sigmay = ValErr(0.755109, 0.0699025, 0)
reports[-1].sigmadxdz = ValErr(0.00272669, 0.000245579, 0)
reports[-1].sigmadydz = ValErr(0, 0, 0)
reports[-1].add_stats(-0.129085, -0.000414079, 0.000997142, -0.00314788, -0.145072, -0.0335962, 0.000642172, 0.00166306, -0.145072, -0.0335962, 0.000642172, 0.00166306, -0.182122, -0.0914877, 0.000968488, 0.00213061, -0.182122, -0.0914877, 0.000968488, 0.00213061, 0.546593, 0.792851, 0.00272352, 0.0295989, 0.546593, 0.792851, 0.00272352, 0.0295989)
reports[-1].CovMatrix = ['0.00786378','0.0366533','-0.0300084','3.90379e-05','1.44126e-05','-8.88668e-06','-0.000146592','0.000261334','-1.94426e-07','0','0','0','0.0366533','0.505328','-0.406279','0.00053466','2.83275e-05','2.25435e-05','-0.000295776','0.00044076','8.64465e-08','0','0','0','-0.0300084','-0.406279','0.332798','-0.000424509','-2.13288e-05','-1.87322e-05','0.000233083','-0.0003375','-9.20595e-08','0','0','0','3.90379e-05','0.00053466','-0.000424509','2.37995e-06','1.87122e-07','6.41479e-08','-6.30824e-07','1.33096e-06','-1.05863e-09','0','0','0','1.44126e-05','2.83275e-05','-2.13288e-05','1.87122e-07','9.0091e-07','-6.84364e-07','-8.3396e-06','1.59112e-05','-1.6391e-08','0','0','0','-8.88668e-06','2.25435e-05','-1.87322e-05','6.41479e-08','-6.84364e-07','6.15565e-07','7.43097e-06','-1.29941e-05','1.04548e-08','0','0','0','-0.000146592','-0.000295776','0.000233083','-6.30824e-07','-8.3396e-06','7.43097e-06','0.0025768','-0.000157904','1.24445e-07','0','0','0','0.000261334','0.00044076','-0.0003375','1.33096e-06','1.59112e-05','-1.29941e-05','-0.000157904','0.0048875','-2.70619e-07','0','0','0','-1.94426e-07','8.64465e-08','-9.20595e-08','-1.05863e-09','-1.6391e-08','1.04548e-08','1.24445e-07','-2.70619e-07','6.03138e-08','0','0','0','0','0','0','0','0','0','0','0','0','0','0','0','0','0','0','0','0','0','0','0','0','0','0','0','0','0','0','0','0','0','0','0','0','0','0','0']

reports.append(Report(576749568, ("DT", -2, 1, 8), "MBwhAst1sec08"))
reports[-1].posNum = 52
reports[-1].negNum = 0
reports[-1].fittype = "6DOF"
reports[-1].add_parameters(ValErr(0.154218, 0.0767052, 0), \
                           ValErr(0.311003, 0.607165, 0), \
                           ValErr(-0.324616, 0.492036, 0), \
                           ValErr(0.00180357, 0.00158989, 0), \
                           ValErr(0.000417197, 0.000941466, 0), \
                           ValErr(-0.000700032, 0.000810819, 0), \
                           148.67, 52, 52, -nan)
reports[-1].sigmax = ValErr(0.426079, 0.0419903, 0)
reports[-1].sigmay = ValErr(0.925773, 0.0915275, 0)
reports[-1].sigmadxdz = ValErr(0.00205881, 0.000204627, 0)
reports[-1].sigmadydz = ValErr(0, 0, 0)
reports[-1].add_stats(0.153537, -0.271927, -0.000238748, -0.00274415, 0.100961, -0.110624, -0.00058905, -0.000700814, 0.100961, -0.110624, -0.00058905, -0.000700814, 0.15158, -0.184556, -0.000923322, -0.00143554, 0.15158, -0.184556, -0.000923322, -0.00143554, 0.434583, 0.936276, 0.00204748, 0.0263026, 0.434583, 0.936276, 0.00204748, 0.0263026)
reports[-1].CovMatrix = ['0.00588369','0.0263093','-0.0217681','1.94737e-05','1.36605e-05','-9.96474e-06','-0.000153298','0.000246169','2.11916e-07','0','0','0','0.0263093','0.368649','-0.291641','0.000257672','-6.86378e-05','8.33906e-05','-0.00233795','0.00249397','5.8792e-06','0','0','0','-0.0217681','-0.291641','0.242099','-0.000176483','5.74822e-05','-6.6344e-05','0.00190721','-0.00231108','-4.15669e-06','0','0','0','1.94737e-05','0.000257672','-0.000176483','2.52775e-06','-5.28935e-08','2.71558e-07','-3.58858e-06','-1.44078e-05','4.99765e-08','0','0','0','1.36605e-05','-6.86378e-05','5.74822e-05','-5.28935e-08','8.86358e-07','-7.18332e-07','1.36319e-06','2.33764e-06','-1.1739e-08','0','0','0','-9.96474e-06','8.33906e-05','-6.6344e-05','2.71558e-07','-7.18332e-07','6.57428e-07','-1.45096e-06','-3.21366e-06','1.42136e-08','0','0','0','-0.000153298','-0.00233795','0.00190721','-3.58858e-06','1.36319e-06','-1.45096e-06','0.00176344','-5.58985e-07','-8.6633e-08','0','0','0','0.000246169','0.00249397','-0.00231108','-1.44078e-05','2.33764e-06','-3.21366e-06','-5.58985e-07','0.00838008','-3.09569e-07','0','0','0','2.11916e-07','5.8792e-06','-4.15669e-06','4.99765e-08','-1.1739e-08','1.42136e-08','-8.6633e-08','-3.09569e-07','4.18751e-08','0','0','0','0','0','0','0','0','0','0','0','0','0','0','0','0','0','0','0','0','0','0','0','0','0','0','0','0','0','0','0','0','0','0','0','0','0','0','0']

reports.append(Report(577011712, ("DT", -2, 1, 9), "MBwhAst1sec09"))
reports[-1].posNum = 61
reports[-1].negNum = 0
reports[-1].fittype = "6DOF"
reports[-1].add_parameters(ValErr(0.0242941, 0.0835126, 0), \
                           ValErr(-0.118036, 0.700477, 0), \
                           ValErr(0.146096, 0.564946, 0), \
                           ValErr(0.000529409, 0.00168374, 0), \
                           ValErr(0.000260892, 0.00106266, 0), \
                           ValErr(-0.000157226, 0.000874649, 0), \
                           151.656, 61, 61, -nan)
reports[-1].sigmax = ValErr(0.5093, 0.0461274, 0)
reports[-1].sigmay = ValErr(0.982621, 0.0898699, 0)
reports[-1].sigmadxdz = ValErr(0.00235616, 0.000215027, 0)
reports[-1].sigmadydz = ValErr(0, 0, 0)
reports[-1].add_stats(-0.0425769, -0.0143912, 1.463e-06, -0.00552612, 0.033845, 0.0539005, -2.44686e-05, 0.00211258, 0.033845, 0.0539005, -2.44686e-05, 0.00211258, 0.0119347, 0.050733, -3.25793e-05, 0.000162937, 0.0119347, 0.050733, -3.25793e-05, 0.000162937, 0.509011, 0.988312, 0.00234889, 0.0273228, 0.509011, 0.988312, 0.00234889, 0.0273228)
reports[-1].CovMatrix = ['0.00697436','0.0343634','-0.0281747','2.70769e-05','1.50496e-05','-1.03902e-05','-4.30723e-05','-0.000105639','4.73702e-07','0','0','0','0.0343634','0.490668','-0.389194','0.00036397','-1.14795e-05','4.04473e-05','-0.000765303','0.00104101','1.20479e-06','0','0','0','-0.0281747','-0.389194','0.319164','-0.000277692','1.03927e-05','-3.20601e-05','0.000633612','-0.000901015','-8.81034e-07','0','0','0','2.70769e-05','0.00036397','-0.000277692','2.83499e-06','2.40987e-07','5.90326e-08','2.78012e-07','-7.45397e-06','1.71971e-08','0','0','0','1.50496e-05','-1.14795e-05','1.03927e-05','2.40987e-07','1.12925e-06','-8.78743e-07','7.20424e-07','-1.29653e-05','2.78638e-08','0','0','0','-1.03902e-05','4.04473e-05','-3.20601e-05','5.90326e-08','-8.78743e-07','7.6501e-07','-6.26677e-07','1.00229e-05','-2.11276e-08','0','0','0','-4.30723e-05','-0.000765303','0.000633612','2.78012e-07','7.20424e-07','-6.26677e-07','0.00212804','-1.17033e-05','1.88517e-08','0','0','0','-0.000105639','0.00104101','-0.000901015','-7.45397e-06','-1.29653e-05','1.00229e-05','-1.17033e-05','0.00807905','-3.41453e-07','0','0','0','4.73702e-07','1.20479e-06','-8.81034e-07','1.71971e-08','2.78638e-08','-2.11276e-08','1.88517e-08','-3.41453e-07','4.62399e-08','0','0','0','0','0','0','0','0','0','0','0','0','0','0','0','0','0','0','0','0','0','0','0','0','0','0','0','0','0','0','0','0','0','0','0','0','0','0','0']

reports.append(Report(577273856, ("DT", -2, 1, 10), "MBwhAst1sec10"))
reports[-1].posNum = 62
reports[-1].negNum = 0
reports[-1].fittype = "6DOF"
reports[-1].add_parameters(ValErr(-0.0544845, 0.0714251, 0), \
                           ValErr(0.0875323, 0.721408, 0), \
                           ValErr(0.169452, 0.583554, 0), \
                           ValErr(0.000499375, 0.00159939, 0), \
                           ValErr(8.45173e-05, 0.000911049, 0), \
                           ValErr(-0.000155742, 0.000757828, 0), \
                           163.317, 62, 62, -nan)
reports[-1].sigmax = ValErr(0.510044, 0.0459247, 0)
reports[-1].sigmay = ValErr(0.742681, 0.0672232, 0)
reports[-1].sigmadxdz = ValErr(0.00268471, 0.00024269, 0)
reports[-1].sigmadydz = ValErr(0, 0, 0)
reports[-1].add_stats(-0.103217, 0.299183, 0.000213434, -0.00661068, -0.0494183, 0.292136, -0.000159728, -0.00280659, -0.0494183, 0.292136, -0.000159728, -0.00280659, -0.0812644, 0.412762, 7.25192e-06, -0.00371802, -0.0812644, 0.412762, 7.25192e-06, -0.00371802, 0.508842, 0.749156, 0.00267449, 0.0319, 0.508842, 0.749156, 0.00267449, 0.0319)
reports[-1].CovMatrix = ['0.00510155','0.0191798','-0.016015','2.22389e-05','1.02852e-05','-7.7503e-06','-7.33851e-05','-2.22066e-05','4.84737e-07','0','0','0','0.0191798','0.52043','-0.41676','0.000585594','-4.45479e-05','6.4599e-05','-0.00227351','0.000855295','9.05724e-06','0','0','0','-0.016015','-0.41676','0.340535','-0.000459944','1.02869e-05','-3.07282e-05','0.00184396','-0.000672885','-7.40316e-06','0','0','0','2.22389e-05','0.000585594','-0.000459944','2.55804e-06','-5.732e-08','1.61975e-07','-1.38385e-06','-9.22242e-06','4.11813e-08','0','0','0','1.02852e-05','-4.45479e-05','1.02869e-05','-5.732e-08','8.30011e-07','-6.40492e-07','7.85805e-07','-3.56845e-06','8.74961e-09','0','0','0','-7.7503e-06','6.4599e-05','-3.07282e-05','1.61975e-07','-6.40492e-07','5.74303e-07','-7.37315e-07','2.45391e-06','-4.89915e-09','0','0','0','-7.33851e-05','-0.00227351','0.00184396','-1.38385e-06','7.85805e-07','-7.37315e-07','0.00210939','-1.29692e-05','-1.34e-08','0','0','0','-2.22066e-05','0.000855295','-0.000672885','-9.22242e-06','-3.56845e-06','2.45391e-06','-1.29692e-05','0.00451995','-1.92665e-07','0','0','0','4.84737e-07','9.05724e-06','-7.40316e-06','4.11813e-08','8.74961e-09','-4.89915e-09','-1.34e-08','-1.92665e-07','5.8903e-08','0','0','0','0','0','0','0','0','0','0','0','0','0','0','0','0','0','0','0','0','0','0','0','0','0','0','0','0','0','0','0','0','0','0','0','0','0','0','0']

reports.append(Report(577536000, ("DT", -2, 1, 11), "MBwhAst1sec11"))
reports[-1].posNum = 65
reports[-1].negNum = 0
reports[-1].fittype = "6DOF"
reports[-1].add_parameters(ValErr(0.103181, 0.0751502, 0), \
                           ValErr(0.90728, 0.669427, 0), \
                           ValErr(-0.679054, 0.545031, 0), \
                           ValErr(-0.00269862, 0.00165323, 0), \
                           ValErr(-0.000440934, 0.00102275, 0), \
                           ValErr(-0.000211811, 0.000865217, 0), \
                           165.94, 65, 65, -nan)
reports[-1].sigmax = ValErr(0.518738, 0.043586, 0)
reports[-1].sigmay = ValErr(0.887221, 0.0813913, 0)
reports[-1].sigmadxdz = ValErr(0.00239645, 0.000208892, 0)
reports[-1].sigmadydz = ValErr(0, 0, 0)
reports[-1].add_stats(0.160497, 0.161391, -0.000920131, -0.0125171, 0.0630363, 0.138107, -0.000441604, -0.000528601, 0.0630363, 0.138107, -0.000441604, -0.000528601, 0.0547233, 0.138425, -0.000406665, -0.00195997, 0.0547233, 0.138425, -0.000406665, -0.00195997, 0.523274, 0.91873, 0.0024084, 0.0313438, 0.523274, 0.91873, 0.0024084, 0.0313438)
reports[-1].CovMatrix = ['0.00564756','0.0217389','-0.0183892','1.77661e-05','1.8581e-05','-1.45856e-05','-0.000124281','0.000422815','-4.18556e-07','0','0','0','0.0217389','0.448133','-0.359288','0.000355336','-3.6554e-05','5.86037e-05','-0.000824972','-0.000696772','2.39506e-06','0','0','0','-0.0183892','-0.359288','0.297059','-0.000257086','8.5444e-06','-2.77413e-05','0.000714067','0.00025011','-1.43078e-06','0','0','0','1.77661e-05','0.000355336','-0.000257086','2.73317e-06','2.50157e-08','1.46146e-07','6.45511e-07','4.81721e-06','-1.49856e-08','0','0','0','1.8581e-05','-3.6554e-05','8.5444e-06','2.50157e-08','1.04602e-06','-8.44405e-07','-4.42088e-06','1.77091e-05','-2.44853e-08','0','0','0','-1.45856e-05','5.86037e-05','-2.77413e-05','1.46146e-07','-8.44405e-07','7.486e-07','4.65686e-06','-1.39648e-05','1.64771e-08','0','0','0','-0.000124281','-0.000824972','0.000714067','6.45511e-07','-4.42088e-06','4.65686e-06','0.00189998','-0.000190311','6.16198e-07','0','0','0','0.000422815','-0.000696772','0.00025011','4.81721e-06','1.77091e-05','-1.39648e-05','-0.000190311','0.00662635','-3.84606e-07','0','0','0','-4.18556e-07','2.39506e-06','-1.43078e-06','-1.49856e-08','-2.44853e-08','1.64771e-08','6.16198e-07','-3.84606e-07','4.36385e-08','0','0','0','0','0','0','0','0','0','0','0','0','0','0','0','0','0','0','0','0','0','0','0','0','0','0','0','0','0','0','0','0','0','0','0','0','0','0','0']

reports.append(Report(577798144, ("DT", -2, 1, 12), "MBwhAst1sec12"))
reports[-1].posNum = 67
reports[-1].negNum = 0
reports[-1].fittype = "6DOF"
reports[-1].add_parameters(ValErr(-0.0692485, 0.0687796, 0), \
                           ValErr(0.551155, 0.601505, 0), \
                           ValErr(-0.208915, 0.488605, 0), \
                           ValErr(0.000234643, 0.00161075, 0), \
                           ValErr(-0.00107463, 0.000895937, 0), \
                           ValErr(0.000936889, 0.000737952, 0), \
                           179.949, 67, 67, -nan)
reports[-1].sigmax = ValErr(0.443012, 0.038452, 0)
reports[-1].sigmay = ValErr(0.849052, 0.0744989, 0)
reports[-1].sigmadxdz = ValErr(0.00256744, 0.000224848, 0)
reports[-1].sigmadydz = ValErr(0, 0, 0)
reports[-1].add_stats(-0.0666261, 0.254708, 0.000333417, -0.00520671, -0.0642959, 0.286607, -3.65199e-05, -0.00400692, -0.0642959, 0.286607, -3.65199e-05, -0.00400692, -0.0876874, 0.215954, -3.58397e-05, -0.00303125, -0.0876874, 0.215954, -3.58397e-05, -0.00303125, 0.4494, 0.845536, 0.00257496, 0.0322496, 0.4494, 0.845536, 0.00257496, 0.0322496)
reports[-1].CovMatrix = ['0.00473064','0.0228613','-0.018964','2.25656e-05','1.52451e-05','-1.15566e-05','-9.66395e-05','-1.7626e-05','6.3256e-07','0','0','0','0.0228613','0.361809','-0.289193','0.00034564','3.30472e-06','2.20659e-05','-0.00197921','0.00139556','7.41876e-06','0','0','0','-0.018964','-0.289193','0.238735','-0.000253169','-6.12585e-06','-1.27402e-05','0.00162102','-0.00133636','-5.46967e-06','0','0','0','2.25656e-05','0.00034564','-0.000253169','2.59452e-06','2.27778e-07','2.25444e-08','-1.71288e-06','-1.56212e-05','5.78169e-08','0','0','0','1.52451e-05','3.30472e-06','-6.12585e-06','2.27778e-07','8.02703e-07','-6.10814e-07','1.43978e-06','-7.04632e-06','1.30453e-08','0','0','0','-1.15566e-05','2.20659e-05','-1.27402e-05','2.25444e-08','-6.10814e-07','5.44573e-07','-1.4034e-06','4.51268e-06','-5.48439e-09','0','0','0','-9.66395e-05','-0.00197921','0.00162102','-1.71288e-06','1.43978e-06','-1.4034e-06','0.00147873','-2.00289e-05','-2.25407e-08','0','0','0','-1.7626e-05','0.00139556','-0.00133636','-1.56212e-05','-7.04632e-06','4.51268e-06','-2.00289e-05','0.00555141','-4.05085e-07','0','0','0','6.3256e-07','7.41876e-06','-5.46967e-06','5.78169e-08','1.30453e-08','-5.48439e-09','-2.25407e-08','-4.05085e-07','5.05599e-08','0','0','0','0','0','0','0','0','0','0','0','0','0','0','0','0','0','0','0','0','0','0','0','0','0','0','0','0','0','0','0','0','0','0','0','0','0','0','0']

reports.append(Report(579108864, ("DT", -2, 2, 1), "MBwhAst2sec01"))
reports[-1].posNum = 79
reports[-1].negNum = 0
reports[-1].fittype = "6DOF"
reports[-1].add_parameters(ValErr(-0.184737, 0.0979645, 0), \
                           ValErr(0.102841, 0.760462, 0), \
                           ValErr(-0.0449862, 0.725172, 0), \
                           ValErr(-0.00138632, 0.00204362, 0), \
                           ValErr(0.00117388, 0.00100884, 0), \
                           ValErr(-0.000292043, 0.000973804, 0), \
                           129.901, 79, 79, -nan)
reports[-1].sigmax = ValErr(0.777519, 0.061891, 0)
reports[-1].sigmay = ValErr(1.22858, 0.0981387, 0)
reports[-1].sigmadxdz = ValErr(0.00286447, 0.000228375, 0)
reports[-1].sigmadydz = ValErr(0, 0, 0)
reports[-1].add_stats(-0.224204, 0.308764, 0.000911395, -0.00419029, -0.191376, 0.0719553, 0.000865584, -0.00331528, -0.191376, 0.0719553, 0.000865584, -0.00331528, -0.132218, 0.195873, 0.000632666, -0.0059145, -0.132218, 0.195873, 0.000632666, -0.0059145, 0.776772, 1.22813, 0.00286725, 0.0238074, 0.776772, 1.22813, 0.00286725, 0.0238074)
reports[-1].CovMatrix = ['0.00959703','-0.0319187','0.0307543','-2.7797e-05','1.24809e-05','-1.0521e-05','-6.53722e-05','0.000151894','-9.87558e-08','0','0','0','-0.0319187','0.578302','-0.542123','0.00048789','-2.58263e-05','-1.73233e-06','0.000878482','-0.000959855','-1.01947e-06','0','0','0','0.0307543','-0.542123','0.525875','-0.000466961','7.72256e-06','1.80537e-05','-0.000823041','0.000795057','1.21785e-06','0','0','0','-2.7797e-05','0.00048789','-0.000466961','4.17638e-06','-2.04586e-07','-5.23333e-08','6.42168e-07','2.87107e-06','-8.89294e-09','0','0','0','1.24809e-05','-2.58263e-05','7.72256e-06','-2.04586e-07','1.01777e-06','-9.25511e-07','-1.57116e-06','8.5184e-06','-1.40604e-08','0','0','0','-1.0521e-05','-1.73233e-06','1.80537e-05','-5.23333e-08','-9.25511e-07','9.48294e-07','1.75549e-06','-8.41156e-06','1.31658e-08','0','0','0','-6.53722e-05','0.000878482','-0.000823041','6.42168e-07','-1.57116e-06','1.75549e-06','0.00383118','-1.6289e-05','1.96815e-08','0','0','0','0.000151894','-0.000959855','0.000795057','2.87107e-06','8.5184e-06','-8.41156e-06','-1.6289e-05','0.00963408','-1.29395e-07','0','0','0','-9.87558e-08','-1.01947e-06','1.21785e-06','-8.89294e-09','-1.40604e-08','1.31658e-08','1.96815e-08','-1.29395e-07','5.21584e-08','0','0','0','0','0','0','0','0','0','0','0','0','0','0','0','0','0','0','0','0','0','0','0','0','0','0','0','0','0','0','0','0','0','0','0','0','0','0','0']

reports.append(Report(579371008, ("DT", -2, 2, 2), "MBwhAst2sec02"))
reports[-1].posNum = 72
reports[-1].negNum = 0
reports[-1].fittype = "6DOF"
reports[-1].add_parameters(ValErr(-0.169358, 0.0786351, 0), \
                           ValErr(-0.664133, 0.66242, 0), \
                           ValErr(0.641763, 0.621209, 0), \
                           ValErr(0.000324529, 0.00201348, 0), \
                           ValErr(9.79348e-05, 0.0010791, 0), \
                           ValErr(0.000504019, 0.00104454, 0), \
                           133.097, 72, 72, -nan)
reports[-1].sigmax = ValErr(0.635434, 0.0522914, 0)
reports[-1].sigmay = ValErr(1.41723, 0.116302, 0)
reports[-1].sigmadxdz = ValErr(0.00247692, 0.000204854, 0)
reports[-1].sigmadydz = ValErr(0, 0, 0)
reports[-1].add_stats(-0.0362482, -0.0391318, 0.000772282, -0.00469039, -0.187686, -0.00454357, 0.000612681, -0.00274838, -0.187686, -0.00454357, 0.000612681, -0.00274838, -0.18707, -0.189487, 0.000735857, -0.00241669, -0.18707, -0.189487, 0.000735857, -0.00241669, 0.645648, 1.4079, 0.00248121, 0.0203887, 0.645648, 1.4079, 0.00248121, 0.0203887)
reports[-1].CovMatrix = ['0.00618349','-0.01397','0.0137559','-4.68532e-06','1.52268e-05','-1.48457e-05','8.52989e-05','2.01881e-05','3.74847e-07','0','0','0','-0.01397','0.4388','-0.398319','0.000278821','-2.02521e-05','9.08009e-06','0.00378927','0.0031251','1.23488e-06','0','0','0','0.0137559','-0.398319','0.3859','-0.000267143','2.58766e-05','-1.52544e-05','-0.00378424','-0.0034095','-1.90633e-06','0','0','0','-4.68532e-06','0.000278821','-0.000267143','4.05411e-06','-2.01672e-07','4.40689e-08','1.14004e-06','-3.60346e-05','-6.36167e-08','0','0','0','1.52268e-05','-2.02521e-05','2.58766e-05','-2.01672e-07','1.16447e-06','-1.08529e-06','4.8234e-06','7.85548e-06','1.99539e-09','0','0','0','-1.48457e-05','9.08009e-06','-1.52544e-05','4.40689e-08','-1.08529e-06','1.09106e-06','-4.37524e-06','-7.53146e-06','2.1835e-09','0','0','0','8.52989e-05','0.00378927','-0.00378424','1.14004e-06','4.8234e-06','-4.37524e-06','0.00273481','4.68819e-05','-4.42429e-07','0','0','0','2.01881e-05','0.0031251','-0.0034095','-3.60346e-05','7.85548e-06','-7.53146e-06','4.68819e-05','0.0135311','3.19059e-07','0','0','0','3.74847e-07','1.23488e-06','-1.90633e-06','-6.36167e-08','1.99539e-09','2.1835e-09','-4.42429e-07','3.19059e-07','4.19677e-08','0','0','0','0','0','0','0','0','0','0','0','0','0','0','0','0','0','0','0','0','0','0','0','0','0','0','0','0','0','0','0','0','0','0','0','0','0','0','0']

reports.append(Report(579633152, ("DT", -2, 2, 3), "MBwhAst2sec03"))
reports[-1].posNum = 58
reports[-1].negNum = 0
reports[-1].fittype = "6DOF"
reports[-1].add_parameters(ValErr(-0.0431583, 0.0992466, 0), \
                           ValErr(0.938343, 0.740285, 0), \
                           ValErr(-0.967162, 0.694638, 0), \
                           ValErr(0.00077094, 0.00198725, 0), \
                           ValErr(0.00163709, 0.00108825, 0), \
                           ValErr(-0.0016999, 0.00105242, 0), \
                           108.919, 58, 58, -nan)
reports[-1].sigmax = ValErr(0.684914, 0.0636351, 0)
reports[-1].sigmay = ValErr(1.33954, 0.12441, 0)
reports[-1].sigmadxdz = ValErr(0.00236135, 0.00021945, 0)
reports[-1].sigmadydz = ValErr(0, 0, 0)
reports[-1].add_stats(0.0460596, 0.0945885, 3.70355e-05, -0.00255415, 0.00147404, -0.032122, -5.03424e-05, -0.00221009, 0.00147404, -0.032122, -5.03424e-05, -0.00221009, -0.06728, -0.0177908, -1.64711e-06, -0.00554427, -0.06728, -0.0177908, -1.64711e-06, -0.00554427, 0.697273, 1.364, 0.00235853, 0.0226235, 0.697273, 1.364, 0.00235853, 0.0226235)
