nan = None;  NAN = None
nan = 0
reports = []
class ValErr:
    def __init__(self, value, error, antisym):
        self.value, self.error, self.antisym = value, error, antisym

    def __repr__(self):
        if self.antisym == 0.:
            return "%g +- %g" % (self.value, self.error)
        else:
            return "%g +- %g ~ %g" % (self.value, self.error, self.antisym)

class Report:
    def __init__(self, chamberId, postal_address, name):
        self.chamberId, self.postal_address, self.name = chamberId, postal_address, name
        self.status = "NOFIT"
        self.fittype = None
        self.CovMatrix = None

    def add_parameters(self, deltax, deltay, deltaz, deltaphix, deltaphiy, deltaphiz, loglikelihood, numsegments, sumofweights, redchi2):
        self.status = "PASS"
        self.deltax, self.deltay, self.deltaz, self.deltaphix, self.deltaphiy, self.deltaphiz = deltax, deltay, deltaz, deltaphix, deltaphiy, deltaphiz
        self.loglikelihood, self.numsegments, self.sumofweights, self.redchi2 = loglikelihood, numsegments, sumofweights, redchi2

    def add_stats(self, median_x, median_y, median_dxdz, median_dydz, mean30_x, mean30_y, mean20_dxdz, mean50_dydz, mean15_x, mean15_y, mean10_dxdz, mean25_dydz, wmean30_x, wmean30_y, wmean20_dxdz, wmean50_dydz, wmean15_x, wmean15_y, wmean10_dxdz, wmean25_dydz, stdev30_x, stdev30_y, stdev20_dxdz, stdev50_dydz, stdev15_x, stdev15_y, stdev10_dxdz, stdev25_dydz):
        self.median_x, self.median_y, self.median_dxdz, self.median_dydz, self.mean30_x, self.mean30_y, self.mean20_dxdz, self.mean50_dydz, self.mean15_x, self.mean15_y, self.mean10_dxdz, self.mean25_dydz, self.wmean30_x, self.wmean30_y, self.wmean20_dxdz, self.wmean50_dydz, self.wmean15_x, self.wmean15_y, self.wmean10_dxdz, self.wmean25_dydz, self.stdev30_x, self.stdev30_y, self.stdev20_dxdz, self.stdev50_dydz, self.stdev15_x, self.stdev15_y, self.stdev10_dxdz, self.stdev25_dydz = median_x, median_y, median_dxdz, median_dydz, mean30_x, mean30_y, mean20_dxdz, mean50_dydz, mean15_x, mean15_y, mean10_dxdz, mean25_dydz, wmean30_x, wmean30_y, wmean20_dxdz, wmean50_dydz, wmean15_x, wmean15_y, wmean10_dxdz, wmean25_dydz, stdev30_x, stdev30_y, stdev20_dxdz, stdev50_dydz, stdev15_x, stdev15_y, stdev10_dxdz, stdev25_dydz

    def __repr__(self):
        return "<Report %s %s %s>" % (self.postal_address[0], " ".join(map(str, self.postal_address[1:])), self.status)

reports.append(Report(574914560, ("DT", -2, 1, 1), "MBwhAst1sec01"))
reports[-1].posNum = 5435
reports[-1].negNum = 0
reports[-1].fittype = "6DOF"
reports[-1].add_parameters(ValErr(-0.0224256, 0.00915701, 0), \
                           ValErr(-0.12098, 0.0791033, 0), \
                           ValErr(0.104683, 0.0638758, 0), \
                           ValErr(0.00013069, 0.000187858, 0), \
                           ValErr(-0.000136984, 0.000112891, 0), \
                           ValErr(0.00016638, 9.38364e-05, 0), \
                           12348.8, 5435, 5435, -nan)
reports[-1].sigmax = ValErr(0.547879, 0.00525585, 0)
reports[-1].sigmay = ValErr(1.00505, 0.00964392, 0)
reports[-1].sigmadxdz = ValErr(0.00265251, 2.54472e-05, 0)
reports[-1].sigmadydz = ValErr(0, 0, 0)
reports[-1].add_stats(-0.00420706, -0.00160618, 1.51084e-05, -0.00220195, -0.0115739, 0.00313866, 4.13889e-05, -0.00112051, -0.0115739, 0.00313866, 4.13889e-05, -0.00112051, -0.0132191, -0.00577465, 5.42961e-05, -0.00105265, -0.0132191, -0.00577465, 5.42961e-05, -0.00105265, 0.548245, 1.00474, 0.00265344, 0.0293873, 0.548245, 1.00474, 0.00265344, 0.0293873)
reports[-1].CovMatrix = ['8.38508e-05','0.000397356','-0.000326944','3.42059e-07','1.60037e-07','-1.08443e-07','4.35308e-07','-5.1651e-07','-4.87522e-10','0','0','0','0.000397356','0.00625733','-0.00497581','5.21247e-06','-2.72524e-07','6.33323e-07','4.39859e-06','-1.95405e-06','-1.4102e-08','0','0','0','-0.000326944','-0.00497581','0.00408012','-4.04959e-06','1.43521e-07','-4.35464e-07','-3.64193e-06','2.05262e-06','1.07866e-08','0','0','0','3.42059e-07','5.21247e-06','-4.04959e-06','3.52907e-08','1.2073e-09','1.87091e-09','6.79957e-09','2.35207e-08','-8.77171e-11','0','0','0','1.60037e-07','-2.72524e-07','1.43521e-07','1.2073e-09','1.27443e-08','-9.93318e-09','7.89798e-09','-2.52989e-08','2.93883e-11','0','0','0','-1.08443e-07','6.33323e-07','-4.35464e-07','1.87091e-09','-9.93318e-09','8.80527e-09','-6.30254e-09','2.26394e-08','-2.88171e-11','0','0','0','4.35308e-07','4.39859e-06','-3.64193e-06','6.79957e-09','7.89798e-09','-6.30254e-09','2.7624e-05','-1.63345e-08','1.64881e-12','0','0','0','-5.1651e-07','-1.95405e-06','2.05262e-06','2.35207e-08','-2.52989e-08','2.26394e-08','-1.63345e-08','9.30056e-05','-1.23679e-10','0','0','0','-4.87522e-10','-1.4102e-08','1.07866e-08','-8.77171e-11','2.93883e-11','-2.88171e-11','1.64881e-12','-1.23679e-10','6.47562e-10','0','0','0','0','0','0','0','0','0','0','0','0','0','0','0','0','0','0','0','0','0','0','0','0','0','0','0','0','0','0','0','0','0','0','0','0','0','0','0']

reports.append(Report(575176704, ("DT", -2, 1, 2), "MBwhAst1sec02"))
reports[-1].posNum = 5382
reports[-1].negNum = 0
reports[-1].fittype = "6DOF"
reports[-1].add_parameters(ValErr(-0.00253968, 0.00929793, 0), \
                           ValErr(-0.0600082, 0.0800998, 0), \
                           ValErr(0.0480298, 0.0646705, 0), \
                           ValErr(0.000148982, 0.000188296, 0), \
                           ValErr(-0.000203591, 0.000113304, 0), \
                           ValErr(0.000184847, 9.37889e-05, 0), \
                           12211, 5382, 5382, -nan)
reports[-1].sigmax = ValErr(0.550059, 0.00530181, 0)
reports[-1].sigmay = ValErr(1.00162, 0.00965443, 0)
reports[-1].sigmadxdz = ValErr(0.00265965, 2.56361e-05, 0)
reports[-1].sigmadydz = ValErr(0, 0, 0)
reports[-1].add_stats(0.00902181, -0.00889946, -4.27293e-05, -0.00344616, 0.00420497, -0.00459266, 1.90019e-07, -0.00134339, 0.00420497, -0.00459266, 1.90019e-07, -0.00134339, 0.00624163, -0.00873779, -8.73885e-06, -0.00157207, 0.00624163, -0.00873779, -8.73885e-06, -0.00157207, 0.550106, 1.00195, 0.0026599, 0.0288459, 0.550106, 1.00195, 0.0026599, 0.0288459)
reports[-1].CovMatrix = ['8.64515e-05','0.000416418','-0.000342198','3.6596e-07','1.6105e-07','-1.06645e-07','-5.09237e-08','-6.41822e-08','3.41696e-10','0','0','0','0.000416418','0.00641598','-0.00510324','5.47276e-06','-1.4652e-07','5.53917e-07','-1.01907e-06','-1.57617e-06','2.82606e-09','0','0','0','-0.000342198','-0.00510324','0.00418227','-4.28817e-06','5.36447e-08','-3.83014e-07','8.5792e-07','1.25506e-06','-2.26912e-09','0','0','0','3.6596e-07','5.47276e-06','-4.28817e-06','3.54552e-08','1.63488e-09','1.60409e-09','1.85834e-09','8.4448e-09','2.066e-11','0','0','0','1.6105e-07','-1.4652e-07','5.36447e-08','1.63488e-09','1.28377e-08','-9.95147e-09','-7.2156e-10','3.08031e-09','1.25163e-11','0','0','0','-1.06645e-07','5.53917e-07','-3.83014e-07','1.60409e-09','-9.95147e-09','8.79636e-09','7.40282e-10','-1.82188e-09','-7.96261e-12','0','0','0','-5.09237e-08','-1.01907e-06','8.5792e-07','1.85834e-09','-7.2156e-10','7.40282e-10','2.81092e-05','9.37839e-10','3.56329e-13','0','0','0','-6.41822e-08','-1.57617e-06','1.25506e-06','8.4448e-09','3.08031e-09','-1.82188e-09','9.37839e-10','9.32083e-05','7.33914e-12','0','0','0','3.41696e-10','2.82606e-09','-2.26912e-09','2.066e-11','1.25163e-11','-7.96261e-12','3.56329e-13','7.33914e-12','6.5721e-10','0','0','0','0','0','0','0','0','0','0','0','0','0','0','0','0','0','0','0','0','0','0','0','0','0','0','0','0','0','0','0','0','0','0','0','0','0','0','0']

reports.append(Report(575438848, ("DT", -2, 1, 3), "MBwhAst1sec03"))
reports[-1].posNum = 5190
reports[-1].negNum = 0
reports[-1].fittype = "6DOF"
reports[-1].add_parameters(ValErr(-0.00359031, 0.00925837, 0), \
                           ValErr(-0.0837623, 0.0789677, 0), \
                           ValErr(0.0497391, 0.0637764, 0), \
                           ValErr(4.20827e-05, 0.000186676, 0), \
                           ValErr(-1.332e-05, 0.000112686, 0), \
                           ValErr(7.96994e-06, 9.37421e-05, 0), \
                           12169.8, 5190, 5190, -nan)
reports[-1].sigmax = ValErr(0.536574, 0.00526664, 0)
reports[-1].sigmay = ValErr(0.984602, 0.00966438, 0)
reports[-1].sigmadxdz = ValErr(0.00257063, 2.52317e-05, 0)
reports[-1].sigmadydz = ValErr(0, 0, 0)
reports[-1].add_stats(0.00769039, -0.0237684, -5.58158e-05, -0.00298117, 0.000654216, -0.0240746, -9.24107e-06, -0.00109359, 0.000654216, -0.0240746, -9.24107e-06, -0.00109359, -0.0032551, -0.0186429, -1.31942e-05, -0.00116656, -0.0032551, -0.0186429, -1.31942e-05, -0.00116656, 0.536614, 0.984599, 0.00257067, 0.0286303, 0.536614, 0.984599, 0.00257067, 0.0286303)
reports[-1].CovMatrix = ['8.57174e-05','0.000407742','-0.000335322','3.48795e-07','1.65478e-07','-1.11907e-07','1.05522e-07','4.99488e-08','-1.11169e-10','0','0','0','0.000407742','0.00623589','-0.00495892','5.16806e-06','-2.48822e-07','6.22579e-07','9.44528e-07','-3.72399e-07','-3.47992e-09','0','0','0','-0.000335322','-0.00495892','0.00406743','-4.00276e-06','1.43731e-07','-4.41251e-07','-7.90939e-07','1.05829e-07','2.66187e-09','0','0','0','3.48795e-07','5.16806e-06','-4.00276e-06','3.48478e-08','1.29614e-09','1.84643e-09','-7.18718e-10','-1.23206e-08','-2.13917e-11','0','0','0','1.65478e-07','-2.48822e-07','1.43731e-07','1.29614e-09','1.26982e-08','-9.90512e-09','7.09292e-10','3.97003e-09','8.03247e-12','0','0','0','-1.11907e-07','6.22579e-07','-4.41251e-07','1.84643e-09','-9.90512e-09','8.78758e-09','-6.9371e-10','-4.37046e-09','-7.81013e-12','0','0','0','1.05522e-07','9.44528e-07','-7.90939e-07','-7.18718e-10','7.09292e-10','-6.9371e-10','2.77376e-05','8.81401e-10','9.28971e-13','0','0','0','4.99488e-08','-3.72399e-07','1.05829e-07','-1.23206e-08','3.97003e-09','-4.37046e-09','8.81401e-10','9.34006e-05','1.05759e-11','0','0','0','-1.11169e-10','-3.47992e-09','2.66187e-09','-2.13917e-11','8.03247e-12','-7.81013e-12','9.28971e-13','1.05759e-11','6.36642e-10','0','0','0','0','0','0','0','0','0','0','0','0','0','0','0','0','0','0','0','0','0','0','0','0','0','0','0','0','0','0','0','0','0','0','0','0','0','0','0']

reports.append(Report(575700992, ("DT", -2, 1, 4), "MBwhAst1sec04"))
reports[-1].posNum = 5492
reports[-1].negNum = 0
reports[-1].fittype = "6DOF"
reports[-1].add_parameters(ValErr(0.00847869, 0.00907745, 0), \
                           ValErr(0.0681229, 0.0790391, 0), \
                           ValErr(-0.0503701, 0.0638396, 0), \
                           ValErr(0.000102173, 0.000185413, 0), \
                           ValErr(0.000112812, 0.000110515, 0), \
                           ValErr(-9.27672e-05, 9.17006e-05, 0), \
                           12610.4, 5492, 5492, -nan)
reports[-1].sigmax = ValErr(0.544183, 0.00519254, 0)
reports[-1].sigmay = ValErr(0.989153, 0.00943903, 0)
reports[-1].sigmadxdz = ValErr(0.00264899, 2.52763e-05, 0)
reports[-1].sigmadydz = ValErr(0, 0, 0)
reports[-1].add_stats(0.0051594, 0.0128658, -2.58959e-05, -0.002418, 0.00280769, 0.00729106, -1.19304e-06, -0.00111657, 0.00280769, 0.00729106, -1.19304e-06, -0.00111657, -0.00144727, 0.00885721, 3.17073e-05, -0.00138637, -0.00144727, 0.00885721, 3.17073e-05, -0.00138637, 0.544275, 0.989079, 0.00264917, 0.0284965, 0.544275, 0.989079, 0.00264917, 0.0284965)
reports[-1].CovMatrix = ['8.24e-05','0.000398047','-0.00032734','3.58902e-07','1.52622e-07','-1.00526e-07','4.76729e-08','-8.21115e-08','-1.90391e-10','0','0','0','0.000398047','0.00624719','-0.00497217','5.46549e-06','-2.0036e-07','5.94344e-07','1.25821e-06','1.65023e-06','3.83633e-10','0','0','0','-0.00032734','-0.00497217','0.0040755','-4.28135e-06','8.54425e-08','-4.06475e-07','-1.00592e-06','-1.35771e-06','-2.06757e-10','0','0','0','3.58902e-07','5.46549e-06','-4.28135e-06','3.43779e-08','1.20357e-09','1.80538e-09','1.32006e-11','-2.97309e-09','-8.89995e-13','0','0','0','1.52622e-07','-2.0036e-07','8.54425e-08','1.20357e-09','1.22135e-08','-9.48445e-09','-4.33121e-09','-1.43169e-08','-1.6349e-11','0','0','0','-1.00526e-07','5.94344e-07','-4.06475e-07','1.80538e-09','-9.48445e-09','8.40901e-09','3.85605e-09','1.1413e-08','1.21751e-11','0','0','0','4.76729e-08','1.25821e-06','-1.00592e-06','1.32006e-11','-4.33121e-09','3.85605e-09','2.69625e-05','5.66931e-09','5.48616e-12','0','0','0','-8.21115e-08','1.65023e-06','-1.35771e-06','-2.97309e-09','-1.43169e-08','1.1413e-08','5.66931e-09','8.90957e-05','1.8837e-11','0','0','0','-1.90391e-10','3.83633e-10','-2.06757e-10','-8.89995e-13','-1.6349e-11','1.21751e-11','5.48616e-12','1.8837e-11','6.38892e-10','0','0','0','0','0','0','0','0','0','0','0','0','0','0','0','0','0','0','0','0','0','0','0','0','0','0','0','0','0','0','0','0','0','0','0','0','0','0','0']

reports.append(Report(575963136, ("DT", -2, 1, 5), "MBwhAst1sec05"))
reports[-1].posNum = 5300
reports[-1].negNum = 0
reports[-1].fittype = "6DOF"
reports[-1].add_parameters(ValErr(-0.0149746, 0.00941747, 0), \
                           ValErr(0.0666946, 0.0818111, 0), \
                           ValErr(-0.0181694, 0.0661543, 0), \
                           ValErr(0.000236689, 0.000190943, 0), \
                           ValErr(0.000202231, 0.0001132, 0), \
                           ValErr(-0.000106371, 9.41561e-05, 0), \
                           12109.2, 5300, 5300, -nan)
reports[-1].sigmax = ValErr(0.551812, 0.00535969, 0)
reports[-1].sigmay = ValErr(0.978343, 0.00950284, 0)
reports[-1].sigmadxdz = ValErr(0.00267146, 2.5949e-05, 0)
reports[-1].sigmadydz = ValErr(0, 0, 0)
reports[-1].add_stats(-0.01931, 0.0436833, 3.96321e-05, -0.00270905, -0.0187913, 0.0440109, 5.64155e-05, -0.00105356, -0.0187913, 0.0440109, 5.64155e-05, -0.00105356, -0.0159072, 0.0536997, 5.14928e-05, -0.00112147, -0.0159072, 0.0536997, 5.14928e-05, -0.00112147, 0.551896, 0.978508, 0.00267145, 0.0285357, 0.551896, 0.978508, 0.00267145, 0.0285357)
reports[-1].CovMatrix = ['8.86888e-05','0.000431423','-0.0003548','3.9289e-07','1.64656e-07','-1.08193e-07','-8.52127e-08','1.10925e-07','3.91808e-10','0','0','0','0.000431423','0.00669305','-0.00533725','5.92652e-06','-2.23733e-07','6.5535e-07','-1.35755e-06','3.57921e-07','7.85881e-09','0','0','0','-0.0003548','-0.00533725','0.0043764','-4.62677e-06','1.09231e-07','-4.5737e-07','1.10669e-06','-3.2135e-07','-6.08838e-09','0','0','0','3.9289e-07','5.92652e-06','-4.62677e-06','3.64591e-08','1.24916e-09','1.95544e-09','-3.58018e-09','-7.86959e-09','4.64827e-11','0','0','0','1.64656e-07','-2.23733e-07','1.09231e-07','1.24916e-09','1.28142e-08','-9.97013e-09','-1.69549e-09','6.08483e-09','-7.46175e-12','0','0','0','-1.08193e-07','6.5535e-07','-4.5737e-07','1.95544e-09','-9.97013e-09','8.86537e-09','1.22602e-09','-5.59874e-09','9.76821e-12','0','0','0','-8.52127e-08','-1.35755e-06','1.10669e-06','-3.58018e-09','-1.69549e-09','1.22602e-09','2.87263e-05','-3.10993e-10','-3.41617e-12','0','0','0','1.10925e-07','3.57921e-07','-3.2135e-07','-7.86959e-09','6.08483e-09','-5.59874e-09','-3.10993e-10','9.03042e-05','-1.45714e-11','0','0','0','3.91808e-10','7.85881e-09','-6.08838e-09','4.64827e-11','-7.46175e-12','9.76821e-12','-3.41617e-12','-1.45714e-11','6.73352e-10','0','0','0','0','0','0','0','0','0','0','0','0','0','0','0','0','0','0','0','0','0','0','0','0','0','0','0','0','0','0','0','0','0','0','0','0','0','0','0']

reports.append(Report(576225280, ("DT", -2, 1, 6), "MBwhAst1sec06"))
reports[-1].posNum = 5313
reports[-1].negNum = 0
reports[-1].fittype = "6DOF"
reports[-1].add_parameters(ValErr(-0.00850024, 0.00920968, 0), \
                           ValErr(-0.00639517, 0.0802995, 0), \
                           ValErr(0.0404282, 0.0648775, 0), \
                           ValErr(0.00012105, 0.000187948, 0), \
                           ValErr(5.10956e-05, 0.000112167, 0), \
                           ValErr(-5.46853e-05, 9.32424e-05, 0), \
                           12226.9, 5313, 5313, -nan)
reports[-1].sigmax = ValErr(0.546807, 0.00530471, 0)
reports[-1].sigmay = ValErr(0.985374, 0.00955941, 0)
reports[-1].sigmadxdz = ValErr(0.00263274, 2.55403e-05, 0)
reports[-1].sigmadydz = ValErr(0, 0, 0)
reports[-1].add_stats(-0.00982917, 0.0267964, 1.5144e-05, -0.00234972, -0.00627324, 0.0420102, -2.75795e-05, -0.000925022, -0.00627324, 0.0420102, -2.75795e-05, -0.000925022, -0.00391074, 0.0467044, -2.45206e-05, -0.000849172, -0.00391074, 0.0467044, -2.45206e-05, -0.000849172, 0.546789, 0.985529, 0.00263276, 0.0291427, 0.546789, 0.985529, 0.00263276, 0.0291427)
reports[-1].CovMatrix = ['8.48183e-05','0.000402726','-0.000331493','3.59214e-07','1.62955e-07','-1.10022e-07','1.51672e-08','-3.38672e-08','9.63315e-11','0','0','0','0.000402726','0.00644801','-0.00513375','5.59107e-06','-2.32485e-07','6.23812e-07','-1.14083e-06','-2.34149e-06','1.34281e-09','0','0','0','-0.000331493','-0.00513375','0.00420908','-4.35838e-06','9.79583e-08','-4.17472e-07','9.15031e-07','1.80744e-06','-1.0537e-09','0','0','0','3.59214e-07','5.59107e-06','-4.35838e-06','3.53243e-08','1.13143e-09','1.88387e-09','8.36234e-10','2.10311e-09','8.84122e-12','0','0','0','1.62955e-07','-2.32485e-07','9.79583e-08','1.13143e-09','1.25815e-08','-9.79933e-09','4.05364e-09','7.81556e-09','2.10922e-12','0','0','0','-1.10022e-07','6.23812e-07','-4.17472e-07','1.88387e-09','-9.79933e-09','8.69414e-09','-3.42385e-09','-6.23722e-09','3.36141e-13','0','0','0','1.51672e-08','-1.14083e-06','9.15031e-07','8.36234e-10','4.05364e-09','-3.42385e-09','2.814e-05','3.12398e-09','3.2823e-13','0','0','0','-3.38672e-08','-2.34149e-06','1.80744e-06','2.10311e-09','7.81556e-09','-6.23722e-09','3.12398e-09','9.13826e-05','1.25419e-12','0','0','0','9.63315e-11','1.34281e-09','-1.0537e-09','8.84122e-12','2.10922e-12','3.36141e-13','3.2823e-13','1.25419e-12','6.52308e-10','0','0','0','0','0','0','0','0','0','0','0','0','0','0','0','0','0','0','0','0','0','0','0','0','0','0','0','0','0','0','0','0','0','0','0','0','0','0','0']

reports.append(Report(576487424, ("DT", -2, 1, 7), "MBwhAst1sec07"))
reports[-1].posNum = 5340
reports[-1].negNum = 0
reports[-1].fittype = "6DOF"
reports[-1].add_parameters(ValErr(0.00754, 0.00898464, 0), \
                           ValErr(0.0238931, 0.0784371, 0), \
                           ValErr(0.000715505, 0.0633162, 0), \
                           ValErr(0.000104212, 0.000186485, 0), \
                           ValErr(-0.000240179, 0.000111715, 0), \
                           ValErr(0.000145338, 9.26545e-05, 0), \
                           12393.2, 5340, 5340, -nan)
reports[-1].sigmax = ValErr(0.537812, 0.00520442, 0)
reports[-1].sigmay = ValErr(0.98557, 0.00953806, 0)
reports[-1].sigmadxdz = ValErr(0.00262454, 2.54007e-05, 0)
reports[-1].sigmadydz = ValErr(0, 0, 0)
reports[-1].add_stats(0.00729468, 0.0235024, -1.78691e-05, -0.00153771, 0.0102175, 0.0214292, -7.99559e-05, -0.000353946, 0.0102175, 0.0214292, -7.99559e-05, -0.000353946, 0.0128933, 0.034647, -8.62473e-05, -0.000546617, 0.0128933, 0.034647, -8.62473e-05, -0.000546617, 0.537878, 0.985763, 0.00262454, 0.0295575, 0.537878, 0.985763, 0.00262454, 0.0295575)
reports[-1].CovMatrix = ['8.07238e-05','0.000378498','-0.000311693','3.30884e-07','1.58928e-07','-1.09203e-07','-2.36824e-07','-1.64591e-07','9.67369e-10','0','0','0','0.000378498','0.00615237','-0.0048908','5.21189e-06','-2.39478e-07','5.91339e-07','-4.44076e-06','-4.10031e-06','1.27511e-08','0','0','0','-0.000311693','-0.0048908','0.00400893','-4.05571e-06','9.33327e-08','-3.83162e-07','3.61619e-06','3.3919e-06','-1.00072e-08','0','0','0','3.30884e-07','5.21189e-06','-4.05571e-06','3.47768e-08','1.33293e-09','1.64788e-09','-5.42342e-09','2.04054e-08','8.77841e-11','0','0','0','1.58928e-07','-2.39478e-07','9.33327e-08','1.33293e-09','1.24802e-08','-9.70223e-09','1.22423e-09','7.52253e-09','1.48136e-11','0','0','0','-1.09203e-07','5.91339e-07','-3.83162e-07','1.64788e-09','-9.70223e-09','8.58486e-09','-1.43675e-09','-4.54667e-09','-4.6211e-12','0','0','0','-2.36824e-07','-4.44076e-06','3.61619e-06','-5.42342e-09','1.22423e-09','-1.43675e-09','2.7086e-05','2.32745e-09','-1.23847e-11','0','0','0','-1.64591e-07','-4.10031e-06','3.3919e-06','2.04054e-08','7.52253e-09','-4.54667e-09','2.32745e-09','9.09748e-05','5.76606e-11','0','0','0','9.67369e-10','1.27511e-08','-1.00072e-08','8.77841e-11','1.48136e-11','-4.6211e-12','-1.23847e-11','5.76606e-11','6.45196e-10','0','0','0','0','0','0','0','0','0','0','0','0','0','0','0','0','0','0','0','0','0','0','0','0','0','0','0','0','0','0','0','0','0','0','0','0','0','0','0']

reports.append(Report(576749568, ("DT", -2, 1, 8), "MBwhAst1sec08"))
reports[-1].posNum = 5266
reports[-1].negNum = 0
reports[-1].fittype = "6DOF"
reports[-1].add_parameters(ValErr(0.0214619, 0.00924513, 0), \
                           ValErr(0.00867172, 0.079752, 0), \
                           ValErr(-0.00923576, 0.0643962, 0), \
                           ValErr(9.47717e-05, 0.000187104, 0), \
                           ValErr(-2.06478e-05, 0.000112515, 0), \
                           ValErr(-4.26709e-05, 9.32382e-05, 0), \
                           12184.3, 5266, 5266, -nan)
reports[-1].sigmax = ValErr(0.541096, 0.00527314, 0)
reports[-1].sigmay = ValErr(0.989213, 0.00964132, 0)
reports[-1].sigmadxdz = ValErr(0.00261741, 2.55054e-05, 0)
reports[-1].sigmadydz = ValErr(0, 0, 0)
reports[-1].add_stats(0.0338569, -0.00434646, -9.46672e-05, -0.00171599, 0.0202513, -0.00320931, -7.55152e-05, -0.000920059, 0.0202513, -0.00320931, -7.55152e-05, -0.000920059, 0.0186699, 0.000410993, -7.21013e-05, -0.000803653, 0.0186699, 0.000410993, -7.21013e-05, -0.000803653, 0.541145, 0.989217, 0.00261746, 0.0288443, 0.541145, 0.989217, 0.00261746, 0.0288443)
reports[-1].CovMatrix = ['8.54724e-05','0.000411687','-0.000338362','3.61608e-07','1.59663e-07','-1.05855e-07','-1.58915e-07','-3.85987e-07','1.5327e-11','0','0','0','0.000411687','0.00636038','-0.00505908','5.42241e-06','-1.64286e-07','5.65243e-07','-9.62594e-07','-1.02239e-06','4.05894e-09','0','0','0','-0.000338362','-0.00505908','0.00414688','-4.24463e-06','6.99393e-08','-3.93627e-07','8.31099e-07','9.1141e-07','-3.08909e-09','0','0','0','3.61608e-07','5.42241e-06','-4.24463e-06','3.50078e-08','1.46386e-09','1.69681e-09','-2.50528e-09','1.09202e-09','2.22835e-11','0','0','0','1.59663e-07','-1.64286e-07','6.99393e-08','1.46386e-09','1.26596e-08','-9.82374e-09','-8.63578e-09','-2.31646e-08','-1.85123e-11','0','0','0','-1.05855e-07','5.65243e-07','-3.93627e-07','1.69681e-09','-9.82374e-09','8.69337e-09','7.22991e-09','1.90082e-08','1.56496e-11','0','0','0','-1.58915e-07','-9.62594e-07','8.31099e-07','-2.50528e-09','-8.63578e-09','7.22991e-09','2.7806e-05','1.64858e-08','1.1028e-11','0','0','0','-3.85987e-07','-1.02239e-06','9.1141e-07','1.09202e-09','-2.31646e-08','1.90082e-08','1.64858e-08','9.29554e-05','3.5911e-11','0','0','0','1.5327e-11','4.05894e-09','-3.08909e-09','2.22835e-11','-1.85123e-11','1.56496e-11','1.1028e-11','3.5911e-11','6.50525e-10','0','0','0','0','0','0','0','0','0','0','0','0','0','0','0','0','0','0','0','0','0','0','0','0','0','0','0','0','0','0','0','0','0','0','0','0','0','0','0']

reports.append(Report(577011712, ("DT", -2, 1, 9), "MBwhAst1sec09"))
reports[-1].posNum = 5215
reports[-1].negNum = 0
reports[-1].fittype = "6DOF"
reports[-1].add_parameters(ValErr(0.0128129, 0.00915413, 0), \
                           ValErr(0.0204531, 0.0790965, 0), \
                           ValErr(-0.024826, 0.063909, 0), \
                           ValErr(-8.76717e-06, 0.000188074, 0), \
                           ValErr(0.000118052, 0.000112961, 0), \
                           ValErr(-0.000144518, 9.40074e-05, 0), \
                           12061.9, 5215, 5215, -nan)
reports[-1].sigmax = ValErr(0.541045, 0.00529839, 0)
reports[-1].sigmay = ValErr(0.985442, 0.00965086, 0)
reports[-1].sigmadxdz = ValErr(0.00262985, 2.57509e-05, 0)
reports[-1].sigmadydz = ValErr(0, 0, 0)
reports[-1].add_stats(0.00864291, -0.0159603, -8.27639e-06, -0.00351192, 0.00851185, -0.00795452, -4.70293e-05, -0.00176995, 0.00851185, -0.00795452, -4.70293e-05, -0.00176995, 0.00763487, -0.000809126, -5.60622e-05, -0.00175778, 0.00763487, -0.000809126, -5.60622e-05, -0.00175778, 0.541227, 0.985293, 0.00263003, 0.0291201, 0.541227, 0.985293, 0.00263003, 0.0291201)
reports[-1].CovMatrix = ['8.37982e-05','0.000386685','-0.000318759','3.35872e-07','1.73737e-07','-1.21831e-07','-1.38232e-07','-3.62601e-07','-3.67751e-11','0','0','0','0.000386685','0.00625626','-0.0049773','5.27777e-06','-2.74123e-07','6.28976e-07','-4.55711e-07','-9.76141e-07','1.63593e-09','0','0','0','-0.000318759','-0.0049773','0.00408436','-4.07091e-06','1.28712e-07','-4.16399e-07','4.8246e-07','9.55194e-07','-1.19928e-09','0','0','0','3.35872e-07','5.27777e-06','-4.07091e-06','3.53718e-08','1.23719e-09','1.78153e-09','3.49918e-09','6.83754e-09','8.48899e-12','0','0','0','1.73737e-07','-2.74123e-07','1.28712e-07','1.23719e-09','1.27602e-08','-9.95202e-09','-8.36671e-09','-1.93384e-08','-1.00069e-11','0','0','0','-1.21831e-07','6.28976e-07','-4.16399e-07','1.78153e-09','-9.95202e-09','8.83739e-09','7.55801e-09','1.64294e-08','7.47314e-12','0','0','0','-1.38232e-07','-4.55711e-07','4.8246e-07','3.49918e-09','-8.36671e-09','7.55801e-09','2.8073e-05','1.49218e-08','6.85384e-12','0','0','0','-3.62601e-07','-9.76141e-07','9.55194e-07','6.83754e-09','-1.93384e-08','1.64294e-08','1.49218e-08','9.31394e-05','1.6675e-11','0','0','0','-3.67751e-11','1.63593e-09','-1.19928e-09','8.48899e-12','-1.00069e-11','7.47314e-12','6.85384e-12','1.6675e-11','6.63107e-10','0','0','0','0','0','0','0','0','0','0','0','0','0','0','0','0','0','0','0','0','0','0','0','0','0','0','0','0','0','0','0','0','0','0','0','0','0','0','0']

reports.append(Report(577273856, ("DT", -2, 1, 10), "MBwhAst1sec10"))
reports[-1].posNum = 5333
reports[-1].negNum = 0
reports[-1].fittype = "6DOF"
reports[-1].add_parameters(ValErr(-4.80633e-07, 0.00877245, 0), \
                           ValErr(0.086625, 0.079966, 0), \
                           ValErr(-0.043784, 0.0645522, 0), \
                           ValErr(-9.24946e-05, 0.000185812, 0), \
                           ValErr(-2.66791e-05, 0.000111596, 0), \
                           ValErr(2.06883e-05, 9.2403e-05, 0), \
                           12322.8, 5333, 5333, -nan)
reports[-1].sigmax = ValErr(0.546688, 0.00529767, 0)
reports[-1].sigmay = ValErr(0.972819, 0.00943362, 0)
reports[-1].sigmadxdz = ValErr(0.00264243, 2.55904e-05, 0)
reports[-1].sigmadydz = ValErr(0, 0, 0)
reports[-1].add_stats(-0.00789547, 0.0248758, 2.27831e-06, -0.00179342, -0.0031241, 0.0338508, 2.6917e-06, -8.82315e-06, -0.0031241, 0.0338508, 2.6917e-06, -8.82315e-06, -0.0064494, 0.0183092, 2.09892e-05, -0.000231914, -0.0064494, 0.0183092, 2.09892e-05, -0.000231914, 0.546758, 0.972709, 0.00264268, 0.0289391, 0.546758, 0.972709, 0.00264268, 0.0289391)
reports[-1].CovMatrix = ['7.69558e-05','0.000408951','-0.000334843','3.61893e-07','1.43092e-07','-9.17154e-08','-2.60466e-07','-7.29074e-08','2.03331e-09','0','0','0','0.000408951','0.00639456','-0.00508906','5.57675e-06','-2.20154e-07','6.19289e-07','-5.87679e-06','2.91843e-06','1.51652e-08','0','0','0','-0.000334843','-0.00508906','0.00416699','-4.40385e-06','9.84325e-08','-4.27152e-07','4.78647e-06','-2.50807e-06','-1.21008e-08','0','0','0','3.61893e-07','5.57675e-06','-4.40385e-06','3.4526e-08','1.25641e-09','1.77394e-09','-3.79283e-09','-2.43935e-08','8.34775e-11','0','0','0','1.43092e-07','-2.20154e-07','9.84325e-08','1.25641e-09','1.24536e-08','-9.65047e-09','4.55853e-09','-7.46402e-09','1.27847e-13','0','0','0','-9.17154e-08','6.19289e-07','-4.27152e-07','1.77394e-09','-9.65047e-09','8.53832e-09','-4.72552e-09','3.76717e-09','9.70435e-12','0','0','0','-2.60466e-07','-5.87679e-06','4.78647e-06','-3.79283e-09','4.55853e-09','-4.72552e-09','2.80654e-05','-1.83007e-09','-7.29419e-12','0','0','0','-7.29074e-08','2.91843e-06','-2.50807e-06','-2.43935e-08','-7.46402e-09','3.76717e-09','-1.83007e-09','8.89935e-05','-4.2032e-10','0','0','0','2.03331e-09','1.51652e-08','-1.21008e-08','8.34775e-11','1.27847e-13','9.70435e-12','-7.29419e-12','-4.2032e-10','6.5487e-10','0','0','0','0','0','0','0','0','0','0','0','0','0','0','0','0','0','0','0','0','0','0','0','0','0','0','0','0','0','0','0','0','0','0','0','0','0','0','0']

reports.append(Report(577536000, ("DT", -2, 1, 11), "MBwhAst1sec11"))
reports[-1].posNum = 5446
reports[-1].negNum = 0
reports[-1].fittype = "6DOF"
reports[-1].add_parameters(ValErr(0.0134762, 0.0091429, 0), \
                           ValErr(0.0890691, 0.078517, 0), \
                           ValErr(-0.0449421, 0.0634675, 0), \
                           ValErr(4.85621e-05, 0.000184991, 0), \
                           ValErr(-0.000144381, 0.000110156, 0), \
                           ValErr(0.000113346, 9.17576e-05, 0), \
                           12549, 5446, 5446, -nan)
reports[-1].sigmax = ValErr(0.546074, 0.00523245, 0)
reports[-1].sigmay = ValErr(0.982802, 0.00941713, 0)
reports[-1].sigmadxdz = ValErr(0.00263538, 2.52517e-05, 0)
reports[-1].sigmadydz = ValErr(0, 0, 0)
reports[-1].add_stats(0.00213815, 0.0252744, 1.00062e-05, -0.00263391, 0.0117983, 0.0331065, -1.70098e-05, -0.000615871, 0.0117983, 0.0331065, -1.70098e-05, -0.000615871, 0.0165914, 0.0431793, -3.94431e-05, -0.00111039, 0.0165914, 0.0431793, -3.94431e-05, -0.00111039, 0.546122, 0.982874, 0.00263544, 0.028585, 0.546122, 0.982874, 0.00263544, 0.028585)
reports[-1].CovMatrix = ['8.35925e-05','0.000395609','-0.000325616','3.48297e-07','1.59306e-07','-1.07436e-07','1.45379e-07','2.08896e-07','1.15886e-10','0','0','0','0.000395609','0.00616491','-0.00490963','5.26561e-06','-2.53393e-07','6.26692e-07','1.40342e-06','2.2331e-06','1.23074e-09','0','0','0','-0.000325616','-0.00490963','0.00402813','-4.08644e-06','1.3615e-07','-4.36134e-07','-1.1903e-06','-1.97868e-06','-9.68108e-10','0','0','0','3.48297e-07','5.26561e-06','-4.08644e-06','3.42218e-08','1.10073e-09','1.88759e-09','-2.44682e-09','-3.82248e-09','8.70261e-12','0','0','0','1.59306e-07','-2.53393e-07','1.3615e-07','1.10073e-09','1.21344e-08','-9.45761e-09','1.27354e-09','3.30697e-09','3.50584e-12','0','0','0','-1.07436e-07','6.26692e-07','-4.36134e-07','1.88759e-09','-9.45761e-09','8.41946e-09','-1.37415e-09','-3.04708e-09','-1.06395e-12','0','0','0','1.45379e-07','1.40342e-06','-1.1903e-06','-2.44682e-09','1.27354e-09','-1.37415e-09','2.73786e-05','1.76047e-09','-4.72419e-13','0','0','0','2.08896e-07','2.2331e-06','-1.97868e-06','-3.82248e-09','3.30697e-09','-3.04708e-09','1.76047e-09','8.86826e-05','-2.23302e-13','0','0','0','1.15886e-10','1.23074e-09','-9.68108e-10','8.70261e-12','3.50584e-12','-1.06395e-12','-4.72419e-13','-2.23302e-13','6.37651e-10','0','0','0','0','0','0','0','0','0','0','0','0','0','0','0','0','0','0','0','0','0','0','0','0','0','0','0','0','0','0','0','0','0','0','0','0','0','0','0']

reports.append(Report(577798144, ("DT", -2, 1, 12), "MBwhAst1sec12"))
reports[-1].posNum = 5267
reports[-1].negNum = 0
reports[-1].fittype = "6DOF"
reports[-1].add_parameters(ValErr(-0.00976365, 0.00877178, 0), \
                           ValErr(0.0368483, 0.0794142, 0), \
                           ValErr(-0.0369535, 0.0640845, 0), \
                           ValErr(-0.000114789, 0.000187301, 0), \
                           ValErr(2.02596e-05, 0.000111932, 0), \
                           ValErr(1.86857e-05, 9.28503e-05, 0), \
                           12219.7, 5267, 5267, -nan)
reports[-1].sigmax = ValErr(0.536324, 0.00521939, 0)
reports[-1].sigmay = ValErr(0.991796, 0.00962771, 0)
reports[-1].sigmadxdz = ValErr(0.0026173, 2.54584e-05, 0)
reports[-1].sigmadydz = ValErr(0, 0, 0)
reports[-1].add_stats(-0.014626, -0.0244352, 0.000101243, -0.00372759, -0.0124918, -0.00701758, 6.14293e-05, -0.00152731, -0.0124918, -0.00701758, 6.14293e-05, -0.00152731, -0.0132319, 0.00843396, 4.71479e-05, -0.00191623, -0.0132319, 0.00843396, 4.71479e-05, -0.00191623, 0.536338, 0.991752, 0.00261748, 0.0291531, 0.536338, 0.991752, 0.00261748, 0.0291531)
reports[-1].CovMatrix = ['7.69441e-05','0.000398345','-0.000327398','3.46421e-07','1.50767e-07','-9.89274e-08','-3.88707e-07','-5.12805e-07','-1.08182e-09','0','0','0','0.000398345','0.00630661','-0.00501238','5.40838e-06','-2.77386e-07','6.5207e-07','-3.31988e-06','-4.62153e-07','1.23643e-08','0','0','0','-0.000327398','-0.00501238','0.00410682','-4.23953e-06','1.37575e-07','-4.44757e-07','2.60457e-06','6.13135e-07','-9.48312e-09','0','0','0','3.46421e-07','5.40838e-06','-4.23953e-06','3.50816e-08','1.09101e-09','1.92708e-09','-5.2455e-09','1.5882e-08','6.06937e-11','0','0','0','1.50767e-07','-2.77386e-07','1.37575e-07','1.09101e-09','1.25287e-08','-9.73529e-09','-7.24267e-09','-2.3481e-08','-2.5323e-11','0','0','0','-9.89274e-08','6.5207e-07','-4.44757e-07','1.92708e-09','-9.73529e-09','8.62118e-09','6.16954e-09','2.07563e-08','2.42561e-11','0','0','0','-3.88707e-07','-3.31988e-06','2.60457e-06','-5.2455e-09','-7.24267e-09','6.16954e-09','2.7242e-05','-1.51532e-07','1.4956e-10','0','0','0','-5.12805e-07','-4.62153e-07','6.13135e-07','1.5882e-08','-2.3481e-08','2.07563e-08','-1.51532e-07','9.26931e-05','9.58694e-10','0','0','0','-1.08182e-09','1.23643e-08','-9.48312e-09','6.06937e-11','-2.5323e-11','2.42561e-11','1.4956e-10','9.58694e-10','6.48131e-10','0','0','0','0','0','0','0','0','0','0','0','0','0','0','0','0','0','0','0','0','0','0','0','0','0','0','0','0','0','0','0','0','0','0','0','0','0','0','0']

reports.append(Report(579108864, ("DT", -2, 2, 1), "MBwhAst2sec01"))
reports[-1].posNum = 5637
reports[-1].negNum = 0
reports[-1].fittype = "6DOF"
reports[-1].add_parameters(ValErr(-0.00556144, 0.00982933, 0), \
                           ValErr(0.008887, 0.0203793, 0), \
                           ValErr(0.00627468, 0.018541, 0), \
                           ValErr(4.60961e-05, 0.000221493, 0), \
                           ValErr(0.000134652, 0.000112095, 0), \
                           ValErr(-0.00015527, 0.000108336, 0), \
                           9900.2, 5637, 5637, -nan)
reports[-1].sigmax = ValErr(0.732774, 0.00689039, 0)
reports[-1].sigmay = ValErr(1.21419, 0.0114011, 0)
reports[-1].sigmadxdz = ValErr(0.0027497, 2.58932e-05, 0)
reports[-1].sigmadydz = ValErr(0, 0, 0)
reports[-1].add_stats(-0.00279561, 0.000220341, -4.46828e-06, -0.000399246, -0.00747421, 0.0140503, -1.60534e-05, -0.00130499, -0.00747421, 0.0140503, -1.60534e-05, -0.00130499, -0.00824925, 0.0249129, 6.50646e-06, -0.00152404, -0.00824925, 0.0249129, 6.50646e-06, -0.00152404, 0.732856, 1.21411, 0.00275009, 0.0232998, 0.732856, 1.21411, 0.00275009, 0.0232998)
reports[-1].CovMatrix = ['9.66158e-05','2.639e-06','1.72019e-06','-5.73506e-09','1.3564e-07','-1.29272e-07','-1.34928e-07','-3.3498e-08','-5.48003e-10','0','0','0','2.639e-06','0.000415314','-0.000255817','3.49637e-07','3.08056e-07','-3.36678e-07','-8.94109e-07','8.94129e-07','2.44016e-09','0','0','0','1.72019e-06','-0.000255817','0.000343768','-3.5815e-07','-1.94607e-07','2.24772e-07','-3.48224e-07','-3.05996e-06','-4.83684e-09','0','0','0','-5.73506e-09','3.49637e-07','-3.5815e-07','4.9059e-08','-1.21143e-09','-5.34591e-10','5.12065e-09','2.4054e-08','-3.73604e-11','0','0','0','1.3564e-07','3.08056e-07','-1.94607e-07','-1.21143e-09','1.25653e-08','-1.14789e-08','-4.85991e-09','8.87278e-09','-2.95325e-11','0','0','0','-1.29272e-07','-3.36678e-07','2.24772e-07','-5.34591e-10','-1.14789e-08','1.17368e-08','4.92624e-09','-9.29199e-09','2.51852e-11','0','0','0','-1.34928e-07','-8.94109e-07','-3.48224e-07','5.12065e-09','-4.85991e-09','4.92624e-09','4.74776e-05','-3.09586e-07','-3.08233e-10','0','0','0','-3.3498e-08','8.94129e-07','-3.05996e-06','2.4054e-08','8.87278e-09','-9.29199e-09','-3.09586e-07','0.000129986','-2.85202e-10','0','0','0','-5.48003e-10','2.44016e-09','-4.83684e-09','-3.73604e-11','-2.95325e-11','2.51852e-11','-3.08233e-10','-2.85202e-10','6.70458e-10','0','0','0','0','0','0','0','0','0','0','0','0','0','0','0','0','0','0','0','0','0','0','0','0','0','0','0','0','0','0','0','0','0','0','0','0','0','0','0']

reports.append(Report(579371008, ("DT", -2, 2, 2), "MBwhAst2sec02"))
reports[-1].posNum = 5614
reports[-1].negNum = 0
reports[-1].fittype = "6DOF"
reports[-1].add_parameters(ValErr(-0.00328255, 0.0102961, 0), \
                           ValErr(0.054048, 0.0839508, 0), \
                           ValErr(-0.0312528, 0.0798861, 0), \
                           ValErr(-9.51175e-06, 0.000235303, 0), \
                           ValErr(-1.76026e-05, 0.000112375, 0), \
                           ValErr(7.66297e-05, 0.000108506, 0), \
                           9687.29, 5614, 5614, -nan)
reports[-1].sigmax = ValErr(0.737596, 0.00696203, 0)
reports[-1].sigmay = ValErr(1.20029, 0.0113316, 0)
reports[-1].sigmadxdz = ValErr(0.00284961, 2.68998e-05, 0)
reports[-1].sigmadydz = ValErr(0, 0, 0)
reports[-1].add_stats(0.0139544, 0.0146183, 5.94568e-05, -0.000995281, -0.00171305, 0.0221868, 6.29884e-05, -0.0011747, -0.00171305, 0.0221868, 6.29884e-05, -0.0011747, 0.00974885, 0.0284418, 3.95e-05, -0.00116703, 0.00974885, 0.0284418, 3.95e-05, -0.00116703, 0.737537, 1.20042, 0.00284958, 0.0233581, 0.737537, 1.20042, 0.00284958, 0.0233581)
reports[-1].CovMatrix = ['0.000106009','-0.000225328','0.000219418','-1.99848e-07','1.38895e-07','-1.26537e-07','-3.25802e-07','3.9016e-07','5.12192e-10','0','0','0','-0.000225328','0.00704773','-0.00658294','5.86292e-06','8.29895e-08','-2.69575e-07','9.70184e-06','-9.24676e-06','-1.54338e-08','0','0','0','0.000219418','-0.00658294','0.00638178','-5.65927e-06','5.62199e-09','1.77292e-07','-9.43557e-06','9.15843e-06','1.48894e-08','0','0','0','-1.99848e-07','5.86292e-06','-5.65927e-06','5.53673e-08','-1.37981e-09','-6.20223e-10','5.47468e-09','5.36268e-08','-1.45511e-10','0','0','0','1.38895e-07','8.29895e-08','5.62199e-09','-1.37981e-09','1.26281e-08','-1.14734e-08','-3.86749e-09','5.57846e-09','2.28053e-12','0','0','0','-1.26537e-07','-2.69575e-07','1.77292e-07','-6.20223e-10','-1.14734e-08','1.17735e-08','3.81441e-09','-7.31918e-09','2.6082e-12','0','0','0','-3.25802e-07','9.70184e-06','-9.43557e-06','5.47468e-09','-3.86749e-09','3.81441e-09','4.847e-05','-1.94954e-08','-1.40809e-11','0','0','0','3.9016e-07','-9.24676e-06','9.15843e-06','5.36268e-08','5.57846e-09','-7.31918e-09','-1.94954e-08','0.000128405','-1.41596e-10','0','0','0','5.12192e-10','-1.54338e-08','1.48894e-08','-1.45511e-10','2.28053e-12','2.6082e-12','-1.40809e-11','-1.41596e-10','7.23598e-10','0','0','0','0','0','0','0','0','0','0','0','0','0','0','0','0','0','0','0','0','0','0','0','0','0','0','0','0','0','0','0','0','0','0','0','0','0','0','0']

reports.append(Report(579633152, ("DT", -2, 2, 3), "MBwhAst2sec03"))
reports[-1].posNum = 5618
reports[-1].negNum = 0
reports[-1].fittype = "6DOF"
reports[-1].add_parameters(ValErr(0.00690701, 0.010036, 0), \
                           ValErr(0.0256976, 0.0806631, 0), \
                           ValErr(-0.0333859, 0.0765407, 0), \
                           ValErr(-0.000125473, 0.000226731, 0), \
                           ValErr(0.000155261, 0.000110622, 0), \
                           ValErr(-0.000153937, 0.000106711, 0), \
                           10037.5, 5618, 5618, -nan)
reports[-1].sigmax = ValErr(0.715567, 0.00675098, 0)
reports[-1].sigmay = ValErr(1.21363, 0.0114505, 0)
reports[-1].sigmadxdz = ValErr(0.00273285, 2.57822e-05, 0)
reports[-1].sigmadydz = ValErr(0, 0, 0)
reports[-1].add_stats(0.0151357, 0.00353609, 1.706e-05, -0.000115019, 0.00648965, -0.00946116, -1.41637e-06, -0.000878088, 0.00648965, -0.00946116, -1.41637e-06, -0.000878088, 0.0129131, -0.0114658, -1.69926e-05, -0.00128255, 0.0129131, -0.0114658, -1.69926e-05, -0.00128255, 0.715726, 1.21354, 0.00273311, 0.0232523, 0.715726, 1.21354, 0.00273311, 0.0232523)
