nan = None;  NAN = None
nan = 0
reports = []
class ValErr:
    def __init__(self, value, error, antisym):
        self.value, self.error, self.antisym = value, error, antisym

    def __repr__(self):
        if self.antisym == 0.:
            return "%g +- %g" % (self.value, self.error)
        else:
            return "%g +- %g ~ %g" % (self.value, self.error, self.antisym)

class Report:
    def __init__(self, chamberId, postal_address, name):
        self.chamberId, self.postal_address, self.name = chamberId, postal_address, name
        self.status = "NOFIT"
        self.fittype = None
        self.CovMatrix = None

    def add_parameters(self, deltax, deltay, deltaz, deltaphix, deltaphiy, deltaphiz, loglikelihood, numsegments, sumofweights, redchi2):
        self.status = "PASS"
        self.deltax, self.deltay, self.deltaz, self.deltaphix, self.deltaphiy, self.deltaphiz = deltax, deltay, deltaz, deltaphix, deltaphiy, deltaphiz
        self.loglikelihood, self.numsegments, self.sumofweights, self.redchi2 = loglikelihood, numsegments, sumofweights, redchi2

    def add_stats(self, median_x, median_y, median_dxdz, median_dydz, mean30_x, mean30_y, mean20_dxdz, mean50_dydz, mean15_x, mean15_y, mean10_dxdz, mean25_dydz, wmean30_x, wmean30_y, wmean20_dxdz, wmean50_dydz, wmean15_x, wmean15_y, wmean10_dxdz, wmean25_dydz, stdev30_x, stdev30_y, stdev20_dxdz, stdev50_dydz, stdev15_x, stdev15_y, stdev10_dxdz, stdev25_dydz):
        self.median_x, self.median_y, self.median_dxdz, self.median_dydz, self.mean30_x, self.mean30_y, self.mean20_dxdz, self.mean50_dydz, self.mean15_x, self.mean15_y, self.mean10_dxdz, self.mean25_dydz, self.wmean30_x, self.wmean30_y, self.wmean20_dxdz, self.wmean50_dydz, self.wmean15_x, self.wmean15_y, self.wmean10_dxdz, self.wmean25_dydz, self.stdev30_x, self.stdev30_y, self.stdev20_dxdz, self.stdev50_dydz, self.stdev15_x, self.stdev15_y, self.stdev10_dxdz, self.stdev25_dydz = median_x, median_y, median_dxdz, median_dydz, mean30_x, mean30_y, mean20_dxdz, mean50_dydz, mean15_x, mean15_y, mean10_dxdz, mean25_dydz, wmean30_x, wmean30_y, wmean20_dxdz, wmean50_dydz, wmean15_x, wmean15_y, wmean10_dxdz, wmean25_dydz, stdev30_x, stdev30_y, stdev20_dxdz, stdev50_dydz, stdev15_x, stdev15_y, stdev10_dxdz, stdev25_dydz

    def __repr__(self):
        return "<Report %s %s %s>" % (self.postal_address[0], " ".join(map(str, self.postal_address[1:])), self.status)

reports.append(Report(574914560, ("DT", -2, 1, 1), "MBwhAst1sec01"))
reports[-1].posNum = 145
reports[-1].negNum = 0
reports[-1].fittype = "6DOF"
reports[-1].add_parameters(ValErr(0.0706209, 0.05896, 0), \
                           ValErr(0.482578, 0.491958, 0), \
                           ValErr(-0.494281, 0.398141, 0), \
                           ValErr(-7.61838e-05, 0.00121126, 0), \
                           ValErr(-0.000794698, 0.000726736, 0), \
                           ValErr(0.000437897, 0.000590736, 0), \
                           323.236, 145, 145, -nan)
reports[-1].sigmax = ValErr(0.552782, 0.0325181, 0)
reports[-1].sigmay = ValErr(0.979308, 0.0577333, 0)
reports[-1].sigmadxdz = ValErr(0.00281635, 0.000166308, 0)
reports[-1].sigmadydz = ValErr(0, 0, 0)
reports[-1].add_stats(0.103961, -0.0864047, -0.000189824, -0.00781251, 0.0368968, -0.112734, -0.000270184, -0.00270254, 0.0368968, -0.112734, -0.000270184, -0.00270254, 0.0458992, -0.0936524, -0.00032656, -0.00167483, 0.0458992, -0.0936524, -0.00032656, -0.00167483, 0.557917, 0.977563, 0.00281926, 0.0294323, 0.557917, 0.977563, 0.00281926, 0.0294323)
reports[-1].CovMatrix = ['0.00347628','0.0170466','-0.0139915','1.63703e-05','9.27488e-06','-6.58584e-06','-6.99091e-05','3.8061e-05','2.58301e-07','0','0','0','0.0170466','0.242023','-0.193094','0.000225858','1.77363e-05','3.22213e-06','-0.000917121','0.000535889','3.22292e-06','0','0','0','-0.0139915','-0.193094','0.158516','-0.00017255','-1.33055e-05','-2.45701e-06','0.000749466','-0.000493842','-2.46258e-06','0','0','0','1.63703e-05','0.000225858','-0.00017255','1.46715e-06','1.92243e-07','-2.43344e-08','-1.18659e-06','-5.10845e-06','2.1068e-08','0','0','0','9.27488e-06','1.77363e-05','-1.33055e-05','1.92243e-07','5.28145e-07','-3.99896e-07','-3.62481e-07','-7.73116e-07','4.14703e-09','0','0','0','-6.58584e-06','3.22213e-06','-2.45701e-06','-2.43344e-08','-3.99896e-07','3.48969e-07','2.317e-07','1.52046e-07','-1.62744e-09','0','0','0','-6.99091e-05','-0.000917121','0.000749466','-1.18659e-06','-3.62481e-07','2.317e-07','0.0010575','-6.82076e-07','-1.7862e-08','0','0','0','3.8061e-05','0.000535889','-0.000493842','-5.10845e-06','-7.73116e-07','1.52046e-07','-6.82076e-07','0.00333356','-7.35673e-08','0','0','0','2.58301e-07','3.22292e-06','-2.46258e-06','2.1068e-08','4.14703e-09','-1.62744e-09','-1.7862e-08','-7.35673e-08','2.76592e-08','0','0','0','0','0','0','0','0','0','0','0','0','0','0','0','0','0','0','0','0','0','0','0','0','0','0','0','0','0','0','0','0','0','0','0','0','0','0','0']

reports.append(Report(575176704, ("DT", -2, 1, 2), "MBwhAst1sec02"))
reports[-1].posNum = 119
reports[-1].negNum = 0
reports[-1].fittype = "6DOF"
reports[-1].add_parameters(ValErr(-0.135292, 0.066366, 0), \
                           ValErr(-0.158102, 0.548072, 0), \
                           ValErr(0.0921654, 0.443796, 0), \
                           ValErr(0.00101395, 0.00121181, 0), \
                           ValErr(0.00147589, 0.000718713, 0), \
                           ValErr(-0.000589753, 0.000589366, 0), \
                           282.052, 119, 119, -nan)
reports[-1].sigmax = ValErr(0.536019, 0.034751, 0)
reports[-1].sigmay = ValErr(0.894415, 0.058033, 0)
reports[-1].sigmadxdz = ValErr(0.00276193, 0.000179181, 0)
reports[-1].sigmadydz = ValErr(0, 0, 0)
reports[-1].add_stats(-0.182938, -0.0850025, 0.000821237, -0.00125834, -0.14029, -0.0629517, 0.000690923, -0.000929083, -0.14029, -0.0629517, 0.000690923, -0.000929083, -0.131231, -0.10664, 0.000650542, -0.000862289, -0.131231, -0.10664, 0.000650542, -0.000862289, 0.537441, 0.897357, 0.00277421, 0.0305318, 0.537441, 0.897357, 0.00277421, 0.0305318)
reports[-1].CovMatrix = ['0.00440444','0.0236158','-0.0192991','2.48031e-05','7.44575e-06','-3.94851e-06','2.91866e-05','-1.15211e-05','-9.85184e-08','0','0','0','0.0236158','0.300383','-0.240453','0.000309908','1.07813e-05','2.01556e-05','0.000335887','-0.000396904','-3.72893e-07','0','0','0','-0.0192991','-0.240453','0.196955','-0.000246016','-5.27487e-06','-1.86038e-05','-0.000277118','0.000346104','2.62501e-07','0','0','0','2.48031e-05','0.000309908','-0.000246016','1.46849e-06','1.09951e-07','5.64967e-08','-1.60524e-08','9.08264e-07','-2.33438e-09','0','0','0','7.44575e-06','1.07813e-05','-5.27487e-06','1.09951e-07','5.16549e-07','-3.89101e-07','6.02522e-08','1.64555e-06','-5.32053e-09','0','0','0','-3.94851e-06','2.01556e-05','-1.86038e-05','5.64967e-08','-3.89101e-07','3.47352e-07','-3.85812e-08','-1.25121e-06','4.06949e-09','0','0','0','2.91866e-05','0.000335887','-0.000277118','-1.60524e-08','6.02522e-08','-3.85812e-08','0.00120773','-6.66821e-07','-5.54883e-10','0','0','0','-1.15211e-05','-0.000396904','0.000346104','9.08264e-07','1.64555e-06','-1.25121e-06','-6.66821e-07','0.00336829','-1.76982e-08','0','0','0','-9.85184e-08','-3.72893e-07','2.62501e-07','-2.33438e-09','-5.32053e-09','4.06949e-09','-5.54883e-10','-1.76982e-08','3.21071e-08','0','0','0','0','0','0','0','0','0','0','0','0','0','0','0','0','0','0','0','0','0','0','0','0','0','0','0','0','0','0','0','0','0','0','0','0','0','0','0']

reports.append(Report(575438848, ("DT", -2, 1, 3), "MBwhAst1sec03"))
reports[-1].posNum = 126
reports[-1].negNum = 0
reports[-1].fittype = "6DOF"
reports[-1].add_parameters(ValErr(0.0776355, 0.0534979, 0), \
                           ValErr(0.416353, 0.477637, 0), \
                           ValErr(-0.142335, 0.386668, 0), \
                           ValErr(0.000483074, 0.001229, 0), \
                           ValErr(0.000494659, 0.000723231, 0), \
                           ValErr(-0.000596986, 0.000609872, 0), \
                           323.773, 126, 126, -nan)
reports[-1].sigmax = ValErr(0.478076, 0.0301547, 0)
reports[-1].sigmay = ValErr(0.954165, 0.0601988, 0)
reports[-1].sigmadxdz = ValErr(0.00237792, 0.000149945, 0)
reports[-1].sigmadydz = ValErr(0, 0, 0)
reports[-1].add_stats(0.0521774, 0.297687, -0.00039744, -0.00307988, 0.0538867, 0.243406, -0.000250994, -0.000706659, 0.0538867, 0.243406, -0.000250994, -0.000706659, 0.0457485, 0.147037, -0.000190516, -0.0014942, 0.0457485, 0.147037, -0.000190516, -0.0014942, 0.478442, 0.956262, 0.00238269, 0.03053, 0.478442, 0.956262, 0.00238269, 0.03053)
reports[-1].CovMatrix = ['0.00286202','0.0139426','-0.011535','9.84358e-06','7.50584e-06','-5.64449e-06','-1.22643e-05','3.34798e-05','-1.35639e-08','0','0','0','0.0139426','0.228137','-0.181576','0.000158122','-2.54183e-05','3.39656e-05','-0.0004179','0.000544632','7.92121e-07','0','0','0','-0.011535','-0.181576','0.149512','-0.000111802','1.7224e-05','-2.34721e-05','0.000349228','-0.000492803','-5.55413e-07','0','0','0','9.84358e-06','0.000158122','-0.000111802','1.51044e-06','1.25976e-08','1.07497e-07','5.87772e-07','-3.37923e-06','5.80554e-09','0','0','0','7.50584e-06','-2.54183e-05','1.7224e-05','1.25976e-08','5.23063e-07','-4.17379e-07','7.92574e-07','-1.99572e-07','-3.41772e-09','0','0','0','-5.64449e-06','3.39656e-05','-2.34721e-05','1.07497e-07','-4.17379e-07','3.71944e-07','-6.2087e-07','-9.47484e-08','3.34574e-09','0','0','0','-1.22643e-05','-0.0004179','0.000349228','5.87772e-07','7.92574e-07','-6.2087e-07','0.000909369','-3.4918e-06','-3.13766e-09','0','0','0','3.34798e-05','0.000544632','-0.000492803','-3.37923e-06','-1.99572e-07','-9.47484e-08','-3.4918e-06','0.00362441','-1.18058e-08','0','0','0','-1.35639e-08','7.92121e-07','-5.55413e-07','5.80554e-09','-3.41772e-09','3.34574e-09','-3.13766e-09','-1.18058e-08','2.24842e-08','0','0','0','0','0','0','0','0','0','0','0','0','0','0','0','0','0','0','0','0','0','0','0','0','0','0','0','0','0','0','0','0','0','0','0','0','0','0','0']

reports.append(Report(575700992, ("DT", -2, 1, 4), "MBwhAst1sec04"))
reports[-1].posNum = 153
reports[-1].negNum = 0
reports[-1].fittype = "6DOF"
reports[-1].add_parameters(ValErr(0.0351297, 0.0527792, 0), \
                           ValErr(-0.182978, 0.459838, 0), \
                           ValErr(0.0864507, 0.372669, 0), \
                           ValErr(-0.000478927, 0.00101593, 0), \
                           ValErr(0.000371437, 0.000626622, 0), \
                           ValErr(-0.000786994, 0.000515884, 0), \
                           380.562, 153, 153, -nan)
reports[-1].sigmax = ValErr(0.542692, 0.0310335, 0)
reports[-1].sigmay = ValErr(0.898478, 0.051435, 0)
reports[-1].sigmadxdz = ValErr(0.0024154, 0.00013828, 0)
reports[-1].sigmadydz = ValErr(0, 0, 0)
reports[-1].add_stats(-0.0153737, -0.106716, -0.000381231, 0.00478412, 0.0306243, -0.0668688, -0.000527003, 0.00470527, 0.0306243, -0.0668688, -0.000527003, 0.00470527, 0.0411232, -0.121831, -0.000679502, 0.00544294, 0.0411232, -0.121831, -0.000679502, 0.00544294, 0.544585, 0.900806, 0.00241503, 0.0271422, 0.544585, 0.900806, 0.00241503, 0.0271422)
reports[-1].CovMatrix = ['0.00278564','0.0126611','-0.0104466','1.14075e-05','6.1621e-06','-4.38921e-06','1.96987e-05','3.71888e-06','-8.95783e-08','0','0','0','0.0126611','0.211451','-0.169169','0.000192841','1.08121e-05','4.75047e-06','0.000352166','-2.93932e-05','-1.42001e-06','0','0','0','-0.0104466','-0.169169','0.138882','-0.000152393','-1.21277e-05','-7.48762e-07','-0.000287229','3.86325e-05','1.12575e-06','0','0','0','1.14075e-05','0.000192841','-0.000152393','1.03211e-06','7.91177e-08','1.5645e-08','2.95315e-07','2.42359e-06','-7.6092e-09','0','0','0','6.1621e-06','1.08121e-05','-1.21277e-05','7.91177e-08','3.92655e-07','-3.04084e-07','-1.84902e-07','6.68975e-07','-9.41243e-10','0','0','0','-4.38921e-06','4.75047e-06','-7.48762e-07','1.5645e-08','-3.04084e-07','2.66136e-07','1.71089e-07','-3.57072e-07','2.04626e-10','0','0','0','1.96987e-05','0.000352166','-0.000287229','2.95315e-07','-1.84902e-07','1.71089e-07','0.000963139','-4.01363e-07','-1.98095e-09','0','0','0','3.71888e-06','-2.93932e-05','3.86325e-05','2.42359e-06','6.68975e-07','-3.57072e-07','-4.01363e-07','0.00264584','-1.83337e-08','0','0','0','-8.95783e-08','-1.42001e-06','1.12575e-06','-7.6092e-09','-9.41243e-10','2.04626e-10','-1.98095e-09','-1.83337e-08','1.9122e-08','0','0','0','0','0','0','0','0','0','0','0','0','0','0','0','0','0','0','0','0','0','0','0','0','0','0','0','0','0','0','0','0','0','0','0','0','0','0','0']

reports.append(Report(575963136, ("DT", -2, 1, 5), "MBwhAst1sec05"))
reports[-1].posNum = 149
reports[-1].negNum = 0
reports[-1].fittype = "6DOF"
reports[-1].add_parameters(ValErr(-0.0765425, 0.0547959, 0), \
                           ValErr(0.0927337, 0.476649, 0), \
                           ValErr(-0.0405389, 0.385952, 0), \
                           ValErr(0.000283615, 0.00114784, 0), \
                           ValErr(0.00145528, 0.000678275, 0), \
                           ValErr(-0.000775821, 0.000561081, 0), \
                           337.508, 149, 149, -nan)
reports[-1].sigmax = ValErr(0.559007, 0.0324418, 0)
reports[-1].sigmay = ValErr(0.973148, 0.056594, 0)
reports[-1].sigmadxdz = ValErr(0.00270408, 0.000157317, 0)
reports[-1].sigmadydz = ValErr(0, 0, 0)
reports[-1].add_stats(-0.141227, 0.0483183, 0.000302141, -0.00129348, -0.0968446, 0.0594716, 0.000545028, -0.000254012, -0.0968446, 0.0594716, 0.000545028, -0.000254012, -0.115544, 0.0108993, 0.000717423, 0.00189241, -0.115544, 0.0108993, 0.000717423, 0.00189241, 0.56115, 0.974607, 0.0027112, 0.0289529, 0.56115, 0.974607, 0.0027112, 0.0289529)
reports[-1].CovMatrix = ['0.00300259','0.0131091','-0.0108543','1.17255e-05','7.05629e-06','-5.21992e-06','3.71536e-05','-1.29561e-06','-1.6667e-07','0','0','0','0.0131091','0.227195','-0.181268','0.000196348','-5.48744e-06','1.79502e-05','0.000772696','-0.000463401','-2.38039e-06','0','0','0','-0.0108543','-0.181268','0.148959','-0.000150522','-2.35665e-07','-1.00148e-05','-0.000623705','0.000406283','1.83973e-06','0','0','0','1.17255e-05','0.000196348','-0.000150522','1.31755e-06','9.01958e-08','2.38554e-08','1.03773e-06','4.20855e-06','-1.64422e-08','0','0','0','7.05629e-06','-5.48744e-06','-2.35665e-07','9.01958e-08','4.60058e-07','-3.56314e-07','-5.431e-07','1.95161e-06','-2.75015e-09','0','0','0','-5.21992e-06','1.79502e-05','-1.00148e-05','2.38554e-08','-3.56314e-07','3.14812e-07','5.61224e-07','-1.28284e-06','8.52642e-10','0','0','0','3.71536e-05','0.000772696','-0.000623705','1.03773e-06','-5.431e-07','5.61224e-07','0.00105254','-2.20987e-06','-1.0989e-08','0','0','0','-1.29561e-06','-0.000463401','0.000406283','4.20855e-06','1.95161e-06','-1.28284e-06','-2.20987e-06','0.00320327','-5.82823e-08','0','0','0','-1.6667e-07','-2.38039e-06','1.83973e-06','-1.64422e-08','-2.75015e-09','8.52642e-10','-1.0989e-08','-5.82823e-08','2.47495e-08','0','0','0','0','0','0','0','0','0','0','0','0','0','0','0','0','0','0','0','0','0','0','0','0','0','0','0','0','0','0','0','0','0','0','0','0','0','0','0']

reports.append(Report(576225280, ("DT", -2, 1, 6), "MBwhAst1sec06"))
reports[-1].posNum = 139
reports[-1].negNum = 0
reports[-1].fittype = "6DOF"
reports[-1].add_parameters(ValErr(-0.0193356, 0.0583301, 0), \
                           ValErr(0.278818, 0.537879, 0), \
                           ValErr(-0.196556, 0.435701, 0), \
                           ValErr(0.000765567, 0.00128734, 0), \
                           ValErr(-0.000698601, 0.000737071, 0), \
                           ValErr(0.000631274, 0.000614957, 0), \
                           302.348, 139, 139, -nan)
reports[-1].sigmax = ValErr(0.556134, 0.0333756, 0)
reports[-1].sigmay = ValErr(1.0066, 0.0603875, 0)
reports[-1].sigmadxdz = ValErr(0.00287468, 0.000172427, 0)
reports[-1].sigmadydz = ValErr(0, 0, 0)
reports[-1].add_stats(0.0686545, 0.0821361, -0.000338251, -0.00465764, -0.0235674, 0.0222891, 4.7615e-06, -0.00242781, -0.0235674, 0.0222891, 4.7615e-06, -0.00242781, -0.0252283, -0.147206, 8.74289e-07, -0.00461964, -0.0252283, -0.147206, 8.74289e-07, -0.00461964, 0.555927, 1.0105, 0.00287867, 0.0262735, 0.555927, 1.0105, 0.00287867, 0.0262735)
reports[-1].CovMatrix = ['0.0034024','0.0171237','-0.0141492','1.66291e-05','7.50126e-06','-5.18253e-06','-7.34171e-06','8.66792e-06','2.44947e-08','0','0','0','0.0171237','0.289314','-0.231253','0.00027717','-1.41734e-05','3.2145e-05','8.75077e-05','-0.000145463','5.95427e-08','0','0','0','-0.0141492','-0.231253','0.189835','-0.000213832','5.47455e-06','-2.02973e-05','-6.2259e-05','0.000109125','-5.80659e-08','0','0','0','1.66291e-05','0.00027717','-0.000213832','1.65723e-06','3.68489e-08','9.47424e-08','-1.2516e-08','-6.89759e-08','5.96568e-10','0','0','0','7.50126e-06','-1.41734e-05','5.47455e-06','3.68489e-08','5.43274e-07','-4.23563e-07','-8.09472e-07','1.12971e-06','9.90427e-10','0','0','0','-5.18253e-06','3.2145e-05','-2.02973e-05','9.47424e-08','-4.23563e-07','3.78172e-07','7.33521e-07','-9.20119e-07','-1.14101e-09','0','0','0','-7.34171e-06','8.75077e-05','-6.2259e-05','-1.2516e-08','-8.09472e-07','7.33521e-07','0.00111401','-1.78357e-06','-2.50862e-09','0','0','0','8.66792e-06','-0.000145463','0.000109125','-6.89759e-08','1.12971e-06','-9.20119e-07','-1.78357e-06','0.00364714','2.31322e-09','0','0','0','2.44947e-08','5.95427e-08','-5.80659e-08','5.96568e-10','9.90427e-10','-1.14101e-09','-2.50862e-09','2.31322e-09','2.97321e-08','0','0','0','0','0','0','0','0','0','0','0','0','0','0','0','0','0','0','0','0','0','0','0','0','0','0','0','0','0','0','0','0','0','0','0','0','0','0','0']

reports.append(Report(576487424, ("DT", -2, 1, 7), "MBwhAst1sec07"))
reports[-1].posNum = 141
reports[-1].negNum = 0
reports[-1].fittype = "6DOF"
reports[-1].add_parameters(ValErr(0.0264048, 0.056347, 0), \
                           ValErr(-0.358031, 0.519404, 0), \
                           ValErr(0.357178, 0.417755, 0), \
                           ValErr(0.000636603, 0.0012114, 0), \
                           ValErr(-0.00113443, 0.000712723, 0), \
                           ValErr(0.000721119, 0.000592622, 0), \
                           312.351, 141, 141, -nan)
reports[-1].sigmax = ValErr(0.568801, 0.0338738, 0)
reports[-1].sigmay = ValErr(0.961515, 0.057269, 0)
reports[-1].sigmadxdz = ValErr(0.00282668, 0.000168379, 0)
reports[-1].sigmadydz = ValErr(0, 0, 0)
reports[-1].add_stats(0.0992918, 0.0683841, -0.000171952, -0.00188751, 0.0612266, 0.0529761, -0.000341807, 0.00078809, 0.0612266, 0.0529761, -0.000341807, 0.00078809, 0.113151, 0.0666475, -0.000588656, -0.000811761, 0.113151, 0.0666475, -0.000588656, -0.000811761, 0.571581, 0.965542, 0.00283441, 0.0263518, 0.571581, 0.965542, 0.00283441, 0.0263518)
reports[-1].CovMatrix = ['0.00317498','0.0145404','-0.0119311','1.38125e-05','4.65088e-06','-2.94308e-06','1.51888e-05','-1.62893e-05','-1.77528e-08','0','0','0','0.0145404','0.269781','-0.21423','0.000244308','-2.63319e-05','3.85871e-05','0.000219478','-9.2621e-05','-7.36342e-07','0','0','0','-0.0119311','-0.21423','0.174519','-0.000192084','1.35404e-05','-2.45382e-05','-0.000179004','9.55443e-05','5.5072e-07','0','0','0','1.38125e-05','0.000244308','-0.000192084','1.46749e-06','-1.12577e-08','1.09441e-07','5.44463e-07','4.83057e-07','-3.85108e-09','0','0','0','4.65088e-06','-2.63319e-05','1.35404e-05','-1.12577e-08','5.07974e-07','-3.95613e-07','1.09387e-07','-8.8155e-07','2.06389e-09','0','0','0','-2.94308e-06','3.85871e-05','-2.45382e-05','1.09441e-07','-3.95613e-07','3.51201e-07','-7.50777e-08','7.4791e-07','-1.79511e-09','0','0','0','1.51888e-05','0.000219478','-0.000179004','5.44463e-07','1.09387e-07','-7.50777e-08','0.00114751','-1.73788e-07','-1.02949e-09','0','0','0','-1.62893e-05','-9.2621e-05','9.55443e-05','4.83057e-07','-8.8155e-07','7.4791e-07','-1.73788e-07','0.00328016','-4.72398e-09','0','0','0','-1.77528e-08','-7.36342e-07','5.5072e-07','-3.85108e-09','2.06389e-09','-1.79511e-09','-1.02949e-09','-4.72398e-09','2.83523e-08','0','0','0','0','0','0','0','0','0','0','0','0','0','0','0','0','0','0','0','0','0','0','0','0','0','0','0','0','0','0','0','0','0','0','0','0','0','0','0']

reports.append(Report(576749568, ("DT", -2, 1, 8), "MBwhAst1sec08"))
reports[-1].posNum = 161
reports[-1].negNum = 0
reports[-1].fittype = "6DOF"
reports[-1].add_parameters(ValErr(-0.0377534, 0.0546305, 0), \
                           ValErr(-0.299802, 0.468621, 0), \
                           ValErr(0.236451, 0.377836, 0), \
                           ValErr(0.000282066, 0.0010708, 0), \
                           ValErr(-0.000165643, 0.000665603, 0), \
                           ValErr(0.000250732, 0.000547431, 0), \
                           380.862, 161, 161, -nan)
reports[-1].sigmax = ValErr(0.535503, 0.0299426, 0)
reports[-1].sigmay = ValErr(0.996542, 0.0556283, 0)
reports[-1].sigmadxdz = ValErr(0.00249267, 0.000138957, 0)
reports[-1].sigmadydz = ValErr(0, 0, 0)
reports[-1].add_stats(0.0794762, 0.0659216, -0.00010612, -0.00335694, -0.0138333, -0.0126653, 0.000117498, -0.00139436, -0.0138333, -0.0126653, 0.000117498, -0.00139436, -0.01462, -0.0106515, 7.96442e-05, 0.000357824, -0.01462, -0.0106515, 7.96442e-05, 0.000357824, 0.535475, 0.998119, 0.00249464, 0.0302831, 0.535475, 0.998119, 0.00249464, 0.0302831)
reports[-1].CovMatrix = ['0.00298449','0.0156897','-0.0128258','1.33062e-05','4.92584e-06','-2.93831e-06','-3.73283e-06','2.06699e-06','2.16289e-08','0','0','0','0.0156897','0.219605','-0.174549','0.000181882','4.36756e-06','1.21768e-05','0.000166262','-0.000269158','-2.63216e-08','0','0','0','-0.0128258','-0.174549','0.14276','-0.000145144','-2.81852e-06','-1.02387e-05','-0.000139104','0.000227865','2.40019e-08','0','0','0','1.33062e-05','0.000181882','-0.000145144','1.14662e-06','6.76152e-08','4.94847e-08','-2.06353e-07','4.96025e-07','-3.70154e-11','0','0','0','4.92584e-06','4.36756e-06','-2.81852e-06','6.76152e-08','4.43027e-07','-3.43135e-07','-1.55376e-06','2.10404e-06','2.00475e-09','0','0','0','-2.93831e-06','1.21768e-05','-1.02387e-05','4.94847e-08','-3.43135e-07','2.99681e-07','1.30766e-06','-1.67179e-06','-1.89551e-09','0','0','0','-3.73283e-06','0.000166262','-0.000139104','-2.06353e-07','-1.55376e-06','1.30766e-06','0.000896611','-7.92511e-06','-8.31781e-09','0','0','0','2.06699e-06','-0.000269158','0.000227865','4.96025e-07','2.10404e-06','-1.67179e-06','-7.92511e-06','0.00309486','1.01964e-08','0','0','0','2.16289e-08','-2.63216e-08','2.40019e-08','-3.70154e-11','2.00475e-09','-1.89551e-09','-8.31781e-09','1.01964e-08','1.93095e-08','0','0','0','0','0','0','0','0','0','0','0','0','0','0','0','0','0','0','0','0','0','0','0','0','0','0','0','0','0','0','0','0','0','0','0','0','0','0','0']

reports.append(Report(577011712, ("DT", -2, 1, 9), "MBwhAst1sec09"))
reports[-1].posNum = 136
reports[-1].negNum = 0
reports[-1].fittype = "6DOF"
reports[-1].add_parameters(ValErr(0.0905534, 0.0575099, 0), \
                           ValErr(-0.235132, 0.529259, 0), \
                           ValErr(0.341396, 0.428356, 0), \
                           ValErr(0.00024285, 0.00119823, 0), \
                           ValErr(-0.000403564, 0.000688666, 0), \
                           ValErr(-5.89366e-05, 0.000575665, 0), \
                           312.953, 136, 136, -nan)
reports[-1].sigmax = ValErr(0.57369, 0.0347979, 0)
reports[-1].sigmay = ValErr(0.927277, 0.0562328, 0)
reports[-1].sigmadxdz = ValErr(0.00266704, 0.000161777, 0)
reports[-1].sigmadydz = ValErr(0, 0, 0)
reports[-1].add_stats(0.129211, 0.0916604, -0.00035274, -0.00942294, 0.113759, 0.170895, -0.000506835, -0.00540029, 0.113759, 0.170895, -0.000506835, -0.00540029, 0.1041, 0.144191, -0.000539704, -0.00639809, 0.1041, 0.144191, -0.000539704, -0.00639809, 0.575156, 0.927658, 0.00266817, 0.0299597, 0.575156, 0.927658, 0.00266817, 0.0299597)
reports[-1].CovMatrix = ['0.00330738','0.0146607','-0.0121186','1.39563e-05','5.93287e-06','-4.1221e-06','2.57842e-05','-2.61354e-05','-3.46276e-08','0','0','0','0.0146607','0.280115','-0.224002','0.000260959','-1.57851e-05','3.01797e-05','0.000436534','-0.000330575','-9.91011e-07','0','0','0','-0.0121186','-0.224002','0.183489','-0.000204243','4.69568e-06','-1.7343e-05','-0.000354436','0.00028831','7.54716e-07','0','0','0','1.39563e-05','0.000260959','-0.000204243','1.43576e-06','6.49663e-09','8.94874e-08','9.40299e-07','3.89964e-07','-5.19757e-09','0','0','0','5.93287e-06','-1.57851e-05','4.69568e-06','6.49663e-09','4.74261e-07','-3.71602e-07','5.63189e-08','-5.28997e-07','1.28375e-09','0','0','0','-4.1221e-06','3.01797e-05','-1.7343e-05','8.94874e-08','-3.71602e-07','3.3139e-07','6.86018e-09','4.58756e-07','-1.32439e-09','0','0','0','2.57842e-05','0.000436534','-0.000354436','9.40299e-07','5.63189e-08','6.86018e-09','0.00121098','-3.10835e-07','-3.26846e-09','0','0','0','-2.61354e-05','-0.000330575','0.00028831','3.89964e-07','-5.28997e-07','4.58756e-07','-3.10835e-07','0.00316252','-2.86147e-09','0','0','0','-3.46276e-08','-9.91011e-07','7.54716e-07','-5.19757e-09','1.28375e-09','-1.32439e-09','-3.26846e-09','-2.86147e-09','2.61727e-08','0','0','0','0','0','0','0','0','0','0','0','0','0','0','0','0','0','0','0','0','0','0','0','0','0','0','0','0','0','0','0','0','0','0','0','0','0','0','0']

reports.append(Report(577273856, ("DT", -2, 1, 10), "MBwhAst1sec10"))
reports[-1].posNum = 129
reports[-1].negNum = 0
reports[-1].fittype = "6DOF"
reports[-1].add_parameters(ValErr(0.0392014, 0.0575747, 0), \
                           ValErr(0.746468, 0.518474, 0), \
                           ValErr(-0.558654, 0.420487, 0), \
                           ValErr(0.000230795, 0.00127178, 0), \
                           ValErr(0.00137661, 0.00071875, 0), \
                           ValErr(-0.00101022, 0.000606253, 0), \
                           293.164, 129, 129, -nan)
reports[-1].sigmax = ValErr(0.535886, 0.0334958, 0)
reports[-1].sigmay = ValErr(0.975291, 0.0612589, 0)
reports[-1].sigmadxdz = ValErr(0.00279338, 0.000175662, 0)
reports[-1].sigmadydz = ValErr(0, 0, 0)
reports[-1].add_stats(-0.0557465, 0.0474128, 6.25168e-05, -0.000394389, -0.024476, 0.093379, 0.00018785, -2.89864e-05, -0.024476, 0.093379, 0.00018785, -2.89864e-05, -0.0736277, 0.0427638, 0.000364853, 0.000843999, -0.0736277, 0.0427638, 0.000364853, 0.000843999, 0.548001, 0.969457, 0.00280343, 0.0276263, 0.548001, 0.969457, 0.00280343, 0.0276263)
reports[-1].CovMatrix = ['0.00331485','0.0154059','-0.0127812','1.42405e-05','8.0836e-06','-5.94972e-06','-9.09031e-05','0.000103144','1.89058e-07','0','0','0','0.0154059','0.268815','-0.214817','0.000249974','-2.09361e-05','3.54558e-05','-0.00117666','0.000476243','4.86298e-06','0','0','0','-0.0127812','-0.214817','0.176809','-0.000187743','1.11814e-05','-2.29067e-05','0.000968797','-0.000525685','-3.60912e-06','0','0','0','1.42405e-05','0.000249974','-0.000187743','1.61743e-06','-5.51667e-09','1.21136e-07','-2.12487e-06','-6.56581e-06','3.02304e-08','0','0','0','8.0836e-06','-2.09361e-05','1.11814e-05','-5.51667e-09','5.16601e-07','-4.06203e-07','-1.09545e-06','3.75947e-06','-5.0321e-09','0','0','0','-5.94972e-06','3.54558e-05','-2.29067e-05','1.21136e-07','-4.06203e-07','3.67542e-07','7.99557e-07','-3.57665e-06','6.10489e-09','0','0','0','-9.09031e-05','-0.00117666','0.000968797','-2.12487e-06','-1.09545e-06','7.99557e-07','0.00112205','-6.28318e-06','-2.92655e-08','0','0','0','0.000103144','0.000476243','-0.000525685','-6.56581e-06','3.75947e-06','-3.57665e-06','-6.28318e-06','0.00375319','-1.58258e-07','0','0','0','1.89058e-07','4.86298e-06','-3.60912e-06','3.02304e-08','-5.0321e-09','6.10489e-09','-2.92655e-08','-1.58258e-07','3.08582e-08','0','0','0','0','0','0','0','0','0','0','0','0','0','0','0','0','0','0','0','0','0','0','0','0','0','0','0','0','0','0','0','0','0','0','0','0','0','0','0']

reports.append(Report(577536000, ("DT", -2, 1, 11), "MBwhAst1sec11"))
reports[-1].posNum = 128
reports[-1].negNum = 0
reports[-1].fittype = "6DOF"
reports[-1].add_parameters(ValErr(0.0625255, 0.0607345, 0), \
                           ValErr(0.362591, 0.517223, 0), \
                           ValErr(-0.234682, 0.417462, 0), \
                           ValErr(-0.00116874, 0.00120329, 0), \
                           ValErr(-8.00501e-05, 0.000716118, 0), \
                           ValErr(-0.000179215, 0.000600929, 0), \
                           288.011, 128, 128, -nan)
reports[-1].sigmax = ValErr(0.559485, 0.0350478, 0)
reports[-1].sigmay = ValErr(1.00154, 0.0620563, 0)
reports[-1].sigmadxdz = ValErr(0.0026646, 0.000164394, 0)
reports[-1].sigmadydz = ValErr(0, 0, 0)
reports[-1].add_stats(0.0997543, 0.129122, -0.000218307, -0.00193672, 0.0436938, 0.0869707, -0.000186455, 0.00145631, 0.0436938, 0.0869707, -0.000186455, 0.00145631, 0.0512397, 0.124089, -0.000124921, -0.00107026, 0.0512397, 0.124089, -0.000124921, -0.00107026, 0.55935, 1.00627, 0.00267198, 0.0265068, 0.55935, 1.00627, 0.00267198, 0.0265068)
reports[-1].CovMatrix = ['0.00368868','0.0174039','-0.0142971','1.55164e-05','5.12859e-06','-2.98464e-06','-2.66652e-05','-3.09163e-05','1.68865e-07','0','0','0','0.0174039','0.267519','-0.212703','0.00022363','-2.6552e-05','4.08781e-05','-0.000193971','-7.37723e-05','9.78166e-07','0','0','0','-0.0142971','-0.212703','0.174275','-0.000174883','1.91249e-05','-3.07045e-05','0.000155843','4.42186e-05','-7.53178e-07','0','0','0','1.55164e-05','0.00022363','-0.000174883','1.44791e-06','-1.91638e-09','1.19755e-07','-1.11922e-06','1.13751e-07','6.56282e-09','0','0','0','5.12859e-06','-2.6552e-05','1.91249e-05','-1.91638e-09','5.12825e-07','-4.02492e-07','-4.78988e-08','5.26477e-07','-3.40035e-10','0','0','0','-2.98464e-06','4.08781e-05','-3.07045e-05','1.19755e-07','-4.02492e-07','3.61116e-07','-6.79911e-08','-3.64401e-07','7.72815e-10','0','0','0','-2.66652e-05','-0.000193971','0.000155843','-1.11922e-06','-4.78988e-08','-6.79911e-08','0.00122844','-1.31405e-05','2.13152e-08','0','0','0','-3.09163e-05','-7.37723e-05','4.42186e-05','1.13751e-07','5.26477e-07','-3.64401e-07','-1.31405e-05','0.00385153','1.59548e-07','0','0','0','1.68865e-07','9.78166e-07','-7.53178e-07','6.56282e-09','-3.40035e-10','7.72815e-10','2.13152e-08','1.59548e-07','2.70262e-08','0','0','0','0','0','0','0','0','0','0','0','0','0','0','0','0','0','0','0','0','0','0','0','0','0','0','0','0','0','0','0','0','0','0','0','0','0','0','0']

reports.append(Report(577798144, ("DT", -2, 1, 12), "MBwhAst1sec12"))
reports[-1].posNum = 125
reports[-1].negNum = 0
reports[-1].fittype = "6DOF"
reports[-1].add_parameters(ValErr(0.000147297, 0.0576398, 0), \
                           ValErr(0.356571, 0.492385, 0), \
                           ValErr(-0.191734, 0.396873, 0), \
                           ValErr(-0.00157177, 0.00118063, 0), \
                           ValErr(-0.000561089, 0.000685652, 0), \
                           ValErr(0.000247296, 0.000576722, 0), \
                           298.148, 125, 125, -nan)
reports[-1].sigmax = ValErr(0.528385, 0.03347, 0)
reports[-1].sigmay = ValErr(0.958849, 0.0607481, 0)
reports[-1].sigmadxdz = ValErr(0.00257467, 0.000163357, 0)
reports[-1].sigmadydz = ValErr(0, 0, 0)
reports[-1].add_stats(0.00249194, 0.170504, -0.000586702, -0.00285926, -0.00720462, 0.134841, -0.000132309, -0.00173081, -0.00720462, 0.134841, -0.000132309, -0.00173081, 0.0250703, 0.144993, -0.000440301, -0.00104873, 0.0250703, 0.144993, -0.000440301, -0.00104873, 0.529496, 0.960708, 0.00259629, 0.026165, 0.529496, 0.960708, 0.00259629, 0.026165)
reports[-1].CovMatrix = ['0.00332234','0.0151679','-0.0124684','1.30724e-05','5.46229e-06','-3.59773e-06','-3.89884e-05','3.47428e-05','1.07415e-07','0','0','0','0.0151679','0.242443','-0.19236','0.000200092','-2.39098e-05','3.57944e-05','-0.000769033','0.000589804','2.24426e-06','0','0','0','-0.0124684','-0.19236','0.157508','-0.000153885','1.59356e-05','-2.55319e-05','0.000620343','-0.000508507','-1.71301e-06','0','0','0','1.30724e-05','0.000200092','-0.000153885','1.3939e-06','1.55122e-09','1.10004e-07','-1.14617e-06','-3.29277e-06','1.47208e-08','0','0','0','5.46229e-06','-2.39098e-05','1.59356e-05','1.55122e-09','4.70119e-07','-3.68865e-07','6.50707e-07','-2.98631e-07','-2.3473e-09','0','0','0','-3.59773e-06','3.57944e-05','-2.55319e-05','1.10004e-07','-3.68865e-07','3.32609e-07','-6.64965e-07','-2.364e-08','3.33256e-09','0','0','0','-3.89884e-05','-0.000769033','0.000620343','-1.14617e-06','6.50707e-07','-6.64965e-07','0.00112032','-6.05016e-07','-1.59601e-08','0','0','0','3.47428e-05','0.000589804','-0.000508507','-3.29277e-06','-2.98631e-07','-2.364e-08','-6.05016e-07','0.00369086','-3.32483e-08','0','0','0','1.07415e-07','2.24426e-06','-1.71301e-06','1.47208e-08','-2.3473e-09','3.33256e-09','-1.59601e-08','-3.32483e-08','2.66864e-08','0','0','0','0','0','0','0','0','0','0','0','0','0','0','0','0','0','0','0','0','0','0','0','0','0','0','0','0','0','0','0','0','0','0','0','0','0','0','0']

reports.append(Report(579108864, ("DT", -2, 2, 1), "MBwhAst2sec01"))
reports[-1].posNum = 152
reports[-1].negNum = 0
reports[-1].fittype = "6DOF"
reports[-1].add_parameters(ValErr(0.0221908, 0.0575815, 0), \
                           ValErr(-0.401376, 0.494924, 0), \
                           ValErr(0.239463, 0.465382, 0), \
                           ValErr(0.000587218, 0.00134205, 0), \
                           ValErr(0.000849989, 0.000688497, 0), \
                           ValErr(-0.00110101, 0.000653956, 0), \
                           294.049, 152, 152, -nan)
reports[-1].sigmax = ValErr(0.683654, 0.0395282, 0)
reports[-1].sigmay = ValErr(1.19754, 0.0694092, 0)
reports[-1].sigmadxdz = ValErr(0.00250036, 0.000143454, 0)
reports[-1].sigmadydz = ValErr(0, 0, 0)
reports[-1].add_stats(0.00869375, -0.0709589, -0.000214549, 0.00163167, 0.0139009, -0.153893, -0.000300876, -6.01438e-05, 0.0139009, -0.153893, -0.000300876, -6.01438e-05, 0.00730421, -0.18793, -0.000259766, 0.000747617, 0.00730421, -0.18793, -0.000259766, 0.000747617, 0.678511, 1.21791, 0.0024989, 0.0237883, 0.678511, 1.21791, 0.0024989, 0.0237883)
reports[-1].CovMatrix = ['0.00331562','-0.00748306','0.00718268','-5.55926e-06','9.74858e-07','-5.51385e-07','6.4036e-06','-9.62082e-06','2.39713e-09','0','0','0','-0.00748306','0.24495','-0.22576','0.000170293','1.73263e-06','-6.90032e-06','3.67046e-05','-0.000122215','1.21642e-07','0','0','0','0.00718268','-0.22576','0.216581','-0.000178297','2.96224e-06','2.73901e-06','5.79465e-06','4.47318e-05','-1.06659e-07','0','0','0','-5.55926e-06','0.000170293','-0.000178297','1.80109e-06','-5.32235e-08','-1.08879e-08','-1.22747e-06','1.74418e-06','9.26022e-10','0','0','0','9.74858e-07','1.73263e-06','2.96224e-06','-5.32235e-08','4.74029e-07','-4.29983e-07','3.31065e-06','-6.82492e-06','2.15272e-09','0','0','0','-5.51385e-07','-6.90032e-06','2.73901e-06','-1.08879e-08','-4.29983e-07','4.27658e-07','-3.21585e-06','6.42032e-06','-1.6385e-09','0','0','0','6.4036e-06','3.67046e-05','5.79465e-06','-1.22747e-06','3.31065e-06','-3.21585e-06','0.00156261','-4.99972e-05','1.20955e-08','0','0','0','-9.62082e-06','-0.000122215','4.47318e-05','1.74418e-06','-6.82492e-06','6.42032e-06','-4.99972e-05','0.00481836','-2.77703e-08','0','0','0','2.39713e-09','1.21642e-07','-1.06659e-07','9.26022e-10','2.15272e-09','-1.6385e-09','1.20955e-08','-2.77703e-08','2.05795e-08','0','0','0','0','0','0','0','0','0','0','0','0','0','0','0','0','0','0','0','0','0','0','0','0','0','0','0','0','0','0','0','0','0','0','0','0','0','0','0']

reports.append(Report(579371008, ("DT", -2, 2, 2), "MBwhAst2sec02"))
reports[-1].posNum = 130
reports[-1].negNum = 0
reports[-1].fittype = "6DOF"
reports[-1].add_parameters(ValErr(-0.0817619, 0.0698457, 0), \
                           ValErr(0.309346, 0.561666, 0), \
                           ValErr(-0.25747, 0.534876, 0), \
                           ValErr(-0.000937625, 0.00147882, 0), \
                           ValErr(0.000205568, 0.000697459, 0), \
                           ValErr(1.30739e-05, 0.000672924, 0), \
                           230.985, 130, 130, -nan)
reports[-1].sigmax = ValErr(0.780532, 0.0485398, 0)
reports[-1].sigmay = ValErr(1.10481, 0.0688764, 0)
reports[-1].sigmadxdz = ValErr(0.0027794, 0.000172211, 0)
reports[-1].sigmadydz = ValErr(0, 0, 0)
reports[-1].add_stats(-0.115314, 0.0406205, -0.000133976, -0.00431004, -0.0772495, 0.0386378, 0.000241027, -0.00187154, -0.0772495, 0.0386378, 0.000241027, -0.00187154, -0.103704, 0.0667534, 0.000457232, -0.00265039, -0.103704, 0.0667534, 0.000457232, -0.00265039, 0.780941, 1.10747, 0.00277811, 0.0241919, 0.780941, 1.10747, 0.00277811, 0.0241919)
reports[-1].CovMatrix = ['0.00487842','-0.00676653','0.00662632','-6.04963e-06','4.43067e-06','-3.99586e-06','-4.32242e-05','5.61843e-05','-1.15072e-08','0','0','0','-0.00676653','0.315468','-0.295825','0.000267526','2.80944e-06','-8.61941e-06','0.000477837','-0.000660583','-6.92403e-07','0','0','0','0.00662632','-0.295825','0.286092','-0.000262605','6.13597e-06','-1.15534e-07','-0.000526913','0.000728416','6.7393e-07','0','0','0','-6.04963e-06','0.000267526','-0.000262605','2.1869e-06','-2.46132e-08','-2.69852e-08','1.2524e-06','1.43726e-06','-7.23718e-09','0','0','0','4.43067e-06','2.80944e-06','6.13597e-06','-2.46132e-08','4.86449e-07','-4.40805e-07','-3.00398e-06','5.32349e-06','-2.38993e-09','0','0','0','-3.99586e-06','-8.61941e-06','-1.15534e-07','-2.69852e-08','-4.40805e-07','4.52827e-07','3.02722e-06','-5.13092e-06','1.8993e-09','0','0','0','-4.32242e-05','0.000477837','-0.000526913','1.2524e-06','-3.00398e-06','3.02722e-06','0.00235637','-4.68913e-05','3.6226e-08','0','0','0','5.61843e-05','-0.000660583','0.000728416','1.43726e-06','5.32349e-06','-5.13092e-06','-4.68913e-05','0.00474473','-6.99398e-09','0','0','0','-1.15072e-08','-6.92403e-07','6.7393e-07','-7.23718e-09','-2.38993e-09','1.8993e-09','3.6226e-08','-6.99398e-09','2.96577e-08','0','0','0','0','0','0','0','0','0','0','0','0','0','0','0','0','0','0','0','0','0','0','0','0','0','0','0','0','0','0','0','0','0','0','0','0','0','0','0']

reports.append(Report(579633152, ("DT", -2, 2, 3), "MBwhAst2sec03"))
reports[-1].posNum = 156
reports[-1].negNum = 0
reports[-1].fittype = "6DOF"
reports[-1].add_parameters(ValErr(0.134003, 0.0596735, 0), \
                           ValErr(-0.0227692, 0.488931, 0), \
                           ValErr(0.100073, 0.458786, 0), \
                           ValErr(0.000922188, 0.00138785, 0), \
                           ValErr(0.000422855, 0.000684389, 0), \
                           ValErr(-0.000710614, 0.000652027, 0), \
                           261.938, 156, 156, -nan)
reports[-1].sigmax = ValErr(0.721059, 0.040985, 0)
reports[-1].sigmay = ValErr(1.3012, 0.0740764, 0)
reports[-1].sigmadxdz = ValErr(0.00281679, 0.000159552, 0)
reports[-1].sigmadydz = ValErr(0, 0, 0)
reports[-1].add_stats(0.138975, 0.0953936, -0.0002432, 0.000854167, 0.130264, 0.0840822, -0.000253787, 0.000123847, 0.130264, 0.0840822, -0.000253787, 0.000123847, 0.19006, 0.110985, -0.000393796, -0.000539342, 0.19006, 0.110985, -0.000393796, -0.000539342, 0.726002, 1.29831, 0.00282029, 0.0220829, 0.726002, 1.29831, 0.00282029, 0.0220829)
